-,-,-
-1124, -146, 64
-883, -150, 77
-883, -150, 77
-989, -171, 161
-781, -210, -31
-909, -167, 91
-1172, -58, 166
-981, -87, 100
-618, -98, 169
-721, -83, 267
-660, -125, 314
-405, -213, 272
-303, -203, 177
-303, -203, 177
-366, -160, 220
-282, -224, 88
-351, -148, 48
-696, 7, 318
-744, -16, 136
-955, -141, 206
-1400, -7, 495
-1442, 126, 333
-1442, 126, 333
-1467, 105, 124
-1474, 93, 181
-1524, 135, 394
-1593, 51, 312
-1617, 20, 220
-1730, 13, 141
-1785, 16, -7
-1798, 82, 193
-1845, 54, 319
-,-,-
-859, -337, -13
-575, -187, 516
-860, -233, 266
-1092, -334, -21
-872, -266, 397
-785, -194, 445
-365, -35, 56
-78, 32, 68
-78, 32, 68
-146, -13, 408
-198, -17, 339
-392, -56, 485
-482, 15, 372
-644, 49, -39
-644, 49, -39
-681, -82, 233
-1127, -113, 548
-1397, -60, 387
-1665, -89, 378
-1785, -42, 829
-1795, 42, 918
-1693, 2, 677
-1538, -67, 567
-1475, -34, 587
-1385, -59, 509
-1385, -59, 509
-1211, -157, 375
-1156, -126, 477
-1159, -50, 475
-1247, -139, 435
-1398, -102, 510
-1429, -45, 668
-1419, -95, 663
-,-,-
-631, -123, 162
-844, -45, 322
-844, -45, 322
-836, -158, 286
-564, -175, 267
-730, -245, 88
-650, -115, 241
-337, -83, 264
-328, -146, 433
-450, -135, 395
-743, 0, 283
-821, 48, 233
-821, 48, 233
-752, 54, 185
-892, -30, 278
-889, 83, 241
-898, 88, 240
-981, 12, 119
-981, 12, 119
-1039, 23, 261
-1254, 187, 705
-1260, 234, 793
-1287, 141, 544
-1235, 76, 606
-1309, 73, 791
-1460, 99, 903
-1460, 99, 903
-1652, 122, 869
-1875, 147, 838
-1998, 148, 837
-1822, 189, 803
-,-,-
-865, -170, -56
-1089, -45, -68
-684, 43, 532
-684, 43, 532
-556, -80, 826
-742, -110, 129
-707, -77, 50
-395, -123, 366
-450, -138, 342
-560, -117, 121
-598, -127, 26
-598, -127, 26
-647, -14, 116
-836, -17, -117
-1086, 31, -46
-1005, 30, 93
-1032, 56, 241
-1149, 46, 269
-1151, 17, 349
-1140, 50, 492
-1140, 50, 492
-1273, 110, 412
-1344, 154, 236
-1387, 208, 401
-1371, 185, 548
-1362, 122, 556
-1483, 153, 627
-1651, 235, 691
-1581, 234, 675
-1476, 197, 694
-1363, 155, 660
-1363, 140, 692
-1320, 111, 582
-1320, 111, 582
-1398, 147, 593
-,-,-
-848, -61, 48
-848, -61, 48
-855, -7, 54
-707, -21, 590
-738, -62, 629
-676, -81, 378
-469, -186, 358
-377, -198, 320
-377, -198, 320
-487, -47, 220
-475, 20, 50
-685, 23, -45
-762, 61, 151
-822, 42, -52
-865, 129, -125
-865, 129, -125
-916, 147, -39
-901, 92, 5
-1048, 121, 274
-1285, 182, 624
-1264, 123, 471
-1269, 125, 596
-1413, 116, 648
-1577, 141, 777
-1609, 162, 807
-1664, 208, 767
-1664, 208, 767
-1640, 245, 819
-1607, 244, 745
-1608, 266, 856
-1520, 257, 665
-1296, 211, 656
-1296, 174, 637
-1413, 177, 572
-,-,-
-1016, 44, 56
-740, -48, -221
-812, -1, 368
-733, -3, 428
-733, -3, 428
-629, -33, 388
-454, -84, 340
-296, -108, 344
-311, -182, 165
-339, -202, 105
-445, -138, -12
-657, -23, 128
-856, 16, 235
-856, 16, 235
-891, -12, 205
-890, 0, 87
-969, 46, 27
-1154, 162, 332
-1409, 247, 576
-1409, 247, 576
-1421, 197, 481
-1400, 168, 356
-1566, 232, 599
-1723, 211, 698
-1684, 128, 649
-1672, 39, 651
-1739, 44, 764
-1823, 86, 752
-1809, 150, 791
-1781, 102, 696
-,-,-
-493, 59, -24
-493, 59, -24
-381, -105, 147
-514, 16, 833
-704, 57, 12
-853, 156, -253
-857, 146, 27
-845, 59, 393
-845, 59, 393
-1051, -12, 350
-1118, -24, 347
-1189, -1, 345
-1194, -72, 327
-1067, -149, 244
-1198, -58, 279
-1451, 163, 394
-1424, 176, 339
-1448, 119, 474
-1494, 70, 581
-1494, 70, 581
-1516, 76, 561
-1498, 74, 454
-1574, 118, 534
-1668, 159, 658
-1692, 165, 590
-1496, 74, 518
-1501, 41, 681
-,-,-
-550, 124, 27
-456, -34, 139
-456, -34, 139
-463, -141, 383
-606, -12, 329
-609, 25, 223
-493, -86, 171
-471, -134, 346
-521, -82, 184
-566, -44, 65
-566, -44, 65
-744, 29, 118
-851, 16, 196
-961, 3, 229
-981, -21, 142
-1137, 53, 249
-1137, 53, 249
-1202, 35, 239
-1443, 25, 455
-1583, 116, 630
-1624, 145, 499
-1666, 198, 536
-1750, 106, 679
-1670, 33, 673
-1739, 92, 678
-1847, 165, 672
-1826, 163, 797
-1826, 163, 797
-1570, 64, 617
-,-,-
-636, -59, -44
-751, 32, 237
-617, -47, 501
-611, -176, 310
-544, -90, 316
-462, -55, 433
-462, -55, 433
-434, -135, -23
-443, -116, 187
-506, -32, 325
-483, -89, 91
-465, -171, 68
-554, -168, 4
-688, -117, 188
-900, -51, 53
-900, -51, 53
-1001, 40, 96
-1230, 134, 323
-1336, 37, 579
-1449, 19, 592
-1580, 90, 571
-1661, 135, 675
-1753, 73, 619
-1753, 73, 619
-1732, 32, 544
-1612, -50, 505
-1604, -20, 473
-1736, 75, 606
-1703, 55, 546
-1693, 7, 525
-1517, -74, 566
-1631, -107, 696
-1443, -136, 694
-,-,-
-541, -104, -70
-555, 78, 103
-623, 1, 406
-342, -182, 88
-342, -182, 88
-331, -143, 321
-383, -23, 205
-412, -37, -98
-467, -17, 236
-496, -54, 294
-526, -98, 221
-568, -172, -4
-653, -152, 5
-653, -152, 5
-777, -144, 238
-1062, -28, 368
-1210, 15, 326
-1310, -45, 522
-1465, -42, 635
-1647, 45, 828
-1721, 18, 708
-1799, 8, 719
-1799, 8, 719
-1936, 24, 740
-1913, -15, 759
-1876, 28, 625
-1880, 102, 632
-1408, 15, 624
-1436, -40, 579
-,-,-
-423, -86, -186
-341, 68, -29
-490, 88, 593
-461, -23, 366
-343, -80, 124
-363, -66, 99
-381, -90, -24
-381, -90, -24
-299, -67, -78
-416, -16, 24
-615, 63, 184
-689, 48, 182
-742, -20, 64
-742, -20, 64
-844, -3, 295
-996, 26, 327
-1136, 4, 365
-1148, -82, 338
-1189, -82, 512
-1360, 4, 671
-1360, 4, 671
-1566, 32, 539
-1598, 30, 626
-1657, 3, 658
-1908, 18, 794
-1998, 81, 850
-1901, 20, 754
-,-,-
-463, -41, -148
-523, -43, 111
-529, -89, 612
-590, -99, 351
-590, -99, 351
-620, -61, 97
-492, -70, 267
-542, -135, 179
-483, -129, 163
-596, -112, 181
-729, -26, 130
-758, -10, 34
-724, -57, 92
-724, -57, 92
-944, 13, 148
-1146, 57, 212
-1215, 42, 238
-1198, -15, 433
-1281, -51, 566
-1472, 3, 591
-1472, 3, 591
-1508, -11, 604
-1643, 0, 715
-1874, 79, 1016
-1845, -3, 890
-1813, 13, 857
-1737, 68, 883
-1408, 41, 649
-,-,-
-351, -75, -356
-320, -23, 243
-320, -23, 243
-351, -13, 365
-466, -9, 66
-450, -24, 149
-518, -33, 160
-589, -38, 13
-626, -23, 72
-626, -23, 72
-683, -44, 183
-775, -99, 255
-744, -129, 353
-857, -115, 270
-1119, -13, 467
-1355, 37, 598
-1484, 29, 650
-1513, -21, 575
-1576, -67, 705
-1576, -67, 705
-1750, -143, 675
-1805, -93, 733
-1886, -74, 723
-1842, -40, 632
-1855, 15, 562
-1853, 69, 511
-,-,-
-309, -179, -346
-180, -43, -365
-555, -85, 703
-725, -60, 384
-729, 35, -196
-718, 19, 237
-718, 19, 237
-655, -138, 68
-559, -167, 96
-680, -70, 187
-738, -13, 78
-856, 33, 160
-1028, 59, 412
-1028, 59, 412
-1220, 78, 478
-1165, -9, 440
-1222, -40, 479
-1428, 56, 598
-1559, 30, 680
-1568, -46, 652
-1595, -81, 691
-1710, -30, 692
-1808, 17, 686
-1808, 17, 686
-1834, 83, 682
-1770, 92, 624
-,-,-
-229, -133, -282
-538, -80, 82
-585, -131, 84
-330, -157, -26
-490, -115, 204
-552, -72, -33
-538, -25, -203
-655, -10, 71
-619, -66, 162
-619, -66, 162
-671, -156, 47
-602, -176, 106
-755, -54, 269
-922, 18, 347
-1046, -29, 247
-1112, -53, 195
-1124, -38, 438
-1313, -49, 539
-1427, -63, 599
-1559, -98, 511
-1559, -98, 511
-1597, -97, 539
-1713, -124, 604
-1830, -61, 575
-1981, 32, 646
-1985, 59, 654
-1824, -1, 592
-1692, -93, 655
-1639, -109, 613
-1666, -57, 546
-,-,-
-269, -184, -169
-419, -140, 28
-280, -6, 679
-619, -100, 477
-739, -121, -75
-590, -62, 250
-648, -109, -103
-672, -113, 0
-729, -128, 375
-729, -128, 375
-835, -137, 286
-939, -73, 356
-1054, -33, 332
-993, -156, 375
-1075, -182, 511
-1123, -156, 407
-1247, -150, 666
-1440, -89, 772
-1692, -43, 708
-1843, -29, 727
-1929, -3, 691
-1967, 68, 669
-1940, 123, 639
-1850, 107, 577
-1711, 28, 384
-1711, 28, 384
-,-,-
-349, -6, -369
-349, -6, -369
-502, -70, -22
-399, -53, 535
-332, -73, 245
-491, -98, -93
-421, -117, 172
-468, -105, 258
-573, -70, 68
-641, -31, 113
-641, -31, 113
-686, -43, 220
-811, -32, 284
-880, 19, 254
-1063, 87, 159
-1217, 78, 457
-1509, 35, 496
-1662, 2, 528
-1662, 2, 528
-1768, -28, 738
-1950, -83, 617
-1902, -96, 643
-1995, 61, 540
-1977, 135, 471
-1861, 119, 478
-1713, 74, 420
-1660, 40, 450
-1625, -10, 430
-1625, -10, 430
-,-,-
-229, 0, -218
-132, 6, 203
-132, 6, 203
-157, -147, 383
-419, -67, 83
-534, 75, 22
-500, 8, -78
-500, 8, -78
-513, -21, -35
-662, 27, 24
-907, 46, -41
-1123, -18, 72
-1123, -18, 72
-1391, -43, 513
-1484, -48, 517
-1650, 3, 439
-1651, 64, 537
-1687, 80, 694
-1591, 50, 668
-1487, 52, 499
-1445, 35, 558
-1445, 35, 558
-1386, 2, 466
-1389, 6, 445
-1533, 69, 472
-1649, 92, 577
-1497, 74, 535
-1478, 49, 630
-,-,-
-359, -13, -192
-442, -87, 185
-597, -137, 520
-590, -152, 489
-582, -93, 80
-641, -18, 45
-617, -29, 61
-630, -30, 92
-630, -30, 92
-621, -50, 95
-626, -35, 69
-704, 15, 2
-884, 50, 144
-884, 50, 144
-957, 39, 86
-932, 19, 50
-1046, 29, 34
-1263, 33, 174
-1263, 33, 174
-1473, 0, 504
-1639, -16, 413
-1827, 38, 571
-1997, 21, 649
-1983, -26, 610
-1986, 69, 611
-1998, 86, 632
-1996, 123, 575
-1996, 123, 575
-1929, 126, 534
-,-,-
-511, -20, -291
-418, -34, 313
-723, -81, 557
-723, -81, 557
-664, -81, 169
-556, -96, 240
-478, -97, 45
-523, -63, -147
-631, 9, 262
-586, 19, 234
-586, 19, 234
-581, -29, 189
-546, -98, 194
-569, -115, 183
-762, -79, 336
-904, -64, 315
-1012, -21, 337
-1124, -56, 553
-1213, -109, 581
-1438, -70, 701
-1438, -70, 701
-1634, 24, 648
-1737, 7, 721
-1810, -39, 700
-1955, 30, 767
-1998, 65, 632
-1981, 84, 577
-1924, 61, 597
-1742, 18, 553
-1742, 18, 553
-1683, 5, 530
-1617, 109, 641
-,-,-
-438, -86, -347
-835, 75, -76
-613, -88, 350
-592, -151, 197
-592, -151, 197
-439, -65, 188
-544, -23, 208
-548, -52, 114
-458, -92, 225
-560, -78, 246
-611, -66, 0
-767, -4, -58
-767, -4, -58
-976, 95, 318
-990, -33, 252
-946, -123, 186
-1116, 56, 358
-1387, 126, 444
-1372, 33, 393
-1440, 16, 528
-1440, 16, 528
-1479, -9, 391
-1518, -56, 417
-1704, -53, 609
-1817, -44, 723
-1974, 14, 726
-1982, 35, 680
-1752, 47, 720
-1551, 135, 828
-,-,-
-407, -124, -87
-383, -69, -317
-687, -10, -80
-581, -33, 329
-396, -131, 166
-553, -50, 45
-538, 13, 210
-433, -46, 4
-433, -46, 4
-481, -35, 107
-671, 20, 193
-680, -10, 115
-741, -41, 262
-847, -43, 321
-1061, -9, 215
-1061, -9, 215
-1086, -36, 238
-1242, 6, 445
-1381, 37, 482
-1540, 42, 414
-1607, 30, 451
-1717, -3, 536
-1758, -30, 462
-1758, -30, 462
-1768, -88, 468
-1845, -29, 454
-1887, 35, 546
-1924, 36, 538
-1868, -4, 474
-1684, -136, 378
-,-,-
-388, -104, -167
-375, -85, 195
-544, -106, 414
-450, -81, 87
-498, -35, 58
-498, -35, 58
-451, -35, 187
-442, -88, 72
-475, -90, -90
-673, 10, 132
-780, 38, 169
-780, 38, 169
-854, 5, 1
-1008, 47, 75
-1114, 64, 363
-1231, 28, 482
-1231, 28, 482
-1407, -27, 584
-1429, -51, 518
-1551, -58, 549
-1645, -5, 600
-1757, -6, 528
-1728, -39, 599
-1781, 3, 672
-1833, 104, 552
-1846, 187, 634
-1767, 127, 460
-,-,-
-340, -60, -325
-496, 11, 33
-596, 21, 580
-423, -153, -102
-326, -181, -45
-326, -181, -45
-437, -3, 154
-483, 33, -19
-550, -8, -87
-558, 11, 103
-610, -27, 128
-748, -15, 21
-748, -15, 21
-800, -70, 121
-834, -126, 202
-979, -153, 554
-1224, -73, 563
-1289, -41, 378
-1410, -12, 443
-1595, 19, 584
-1598, -23, 598
-1566, 3, 498
-1566, 3, 498
-1677, 46, 467
-1811, 86, 487
-1861, 137, 545
-1815, 110, 584
-1748, 44, 614
-1757, -53, 606
-,-,-
-378, -43, 248
-378, -43, 248
-324, -241, 134
-382, -158, 94
-448, -10, 211
-390, -99, 70
-466, 2, 206
-522, 8, 70
-522, 8, 70
-535, -37, 157
-546, -59, 167
-699, 2, 154
-819, 53, 30
-819, 53, 30
-882, 27, 206
-966, -20, 163
-1091, 0, 226
-1304, 27, 252
-1444, 96, 527
-1444, 96, 527
-1672, 105, 650
-1822, 118, 746
-1965, 138, 814
-1998, 166, 861
-1998, 122, 905
-1998, 84, 741
-,-,-
-593, 14, -9
-593, 14, -9
-976, 29, 452
-936, -29, 446
-974, -63, 310
-1023, -68, 139
-800, -143, 431
-648, -239, 261
-711, -178, 282
-855, -73, 513
-855, -73, 513
-812, -77, 346
-890, -55, 459
-952, -85, 407
-936, -142, 543
-1021, -170, 464
-1169, -104, 594
-1368, -12, 617
-1548, 24, 610
-1700, 89, 639
-1822, 108, 545
-1947, 111, 618
-1947, 111, 618
-1984, 156, 642
-1997, 106, 547
-,-,-
-450, 74, -11
-357, 6, 383
-261, -117, 211
-396, -102, 42
-396, -102, 177
-454, -89, 177
-409, -66, 105
-472, -33, 23
-453, -66, 63
-506, -38, 314
-688, 51, 294
-925, 146, 109
-925, 146, 109
-1016, 91, 280
-1191, 32, 540
-1372, 65, 570
-1523, 74, 634
-1648, 58, 547
-1848, 131, 633
-1913, 101, 594
-1949, 90, 673
-1949, 90, 673
-1998, 114, 709
-1998, 127, 701
-,-,-
-529, 88, -339
-529, 88, -339
-515, 21, 206
-446, 16, 799
-432, -19, 295
-378, -81, -150
-347, -55, 215
-301, -60, 151
-317, -59, -14
-317, -59, -14
-409, -86, -53
-517, -43, 2
-641, -15, 105
-809, 20, 148
-1079, 73, 239
-1190, 57, 501
-1190, 57, 501
-1329, 93, 646
-1404, 146, 600
-1519, 127, 469
-1571, 29, 606
-1664, 10, 795
-1738, 22, 764
-1790, 33, 773
-1773, 9, 732
-1773, 9, 732
-1791, 42, 765
-1769, 112, 588
-1795, 137, 706
-1708, 80, 787
-,-,-
-370, 0, -260
-510, -14, 136
-738, -32, 390
-738, -32, 390
-513, -8, 376
-465, 4, 40
-468, -40, 71
-374, -152, 441
-383, -133, 140
-556, -14, 152
-556, -14, 152
-753, 93, 151
-903, 67, 226
-948, -17, 416
-1099, -81, 335
-1298, -12, 312
-1377, -20, 426
-1433, -33, 699
-1566, 29, 654
-1566, 29, 654
-1651, 32, 600
-1668, -13, 556
-1686, -28, 563
-1809, 46, 673
-1867, 80, 591
-1820, 50, 652
-1713, 0, 666
-1647, -28, 510
-,-,-
-628, 10, -526
-320, 99, 172
-478, -50, 856
-699, -45, 297
-546, -104, -10
-494, -150, 130
-439, -150, 108
-439, -150, 108
-550, -46, 64
-520, -51, 81
-488, -136, 87
-514, -129, 259
-615, -70, 136
-713, -44, 105
-872, 8, 384
-872, 8, 384
-1100, 58, 527
-1180, 69, 305
-1200, 112, 388
-1392, 158, 518
-1536, 126, 621
-1513, 103, 517
-1600, 161, 494
-1780, 224, 682
-1906, 200, 840
-1906, 200, 840
-1996, 168, 766
-,-,-
-235, -39, 89
-235, -39, 89
-632, 3, 749
-565, 92, 619
-569, -4, 33
-643, 19, 38
-643, 19, 38
-669, 24, 188
-778, -17, 212
-768, -2, 317
-771, 8, 214
-771, 8, 214
-893, -65, 343
-1027, -62, 342
-1050, -20, 192
-1165, 73, 303
-1351, 88, 455
-1559, 105, 539
-1511, 22, 548
-1555, -2, 546
-1555, -2, 546
-1655, 12, 671
-1709, 35, 641
-1678, 28, 617
-1729, 53, 492
-1735, 9, 429
-1652, 0, 625
-,-,-
-568, 28, 103
-685, -71, 270
-662, -112, 122
-662, -112, 122
-493, -80, 112
-579, -24, 187
-489, 6, 208
-499, -46, 4
-555, -43, 178
-429, -52, 223
-429, -52, 223
-520, -57, -3
-772, 55, 2
-924, 102, 210
-1041, 53, 187
-1209, 6, 160
-1209, 6, 160
-1356, 6, 470
-1391, 16, 484
-1577, 171, 427
-1866, 241, 659
-1996, 159, 846
-1943, 35, 703
-1998, 22, 741
-1992, 51, 672
-1992, 51, 672
-1990, 63, 579
-,-,-
-464, -29, 11
-527, -58, 414
-489, -125, 57
-489, -125, 57
-572, -69, -21
-634, 28, 105
-581, 10, 42
-586, 39, 126
-570, 37, 119
-570, 37, 119
-662, 68, 235
-659, 59, 390
-762, 38, 284
-894, 55, 275
-894, -35, 512
-894, -35, 512
-1004, -132, 575
-1213, -49, 612
-1402, -2, 779
-1584, -46, 853
-1729, -66, 844
-1900, -48, 907
-1916, -76, 828
-1867, -21, 764
-1856, 58, 739
-1809, 67, 653
-1806, 94, 559
-1806, 94, 559
-1698, 45, 629
-1462, -26, 764
-,-,-
-276, -177, -329
-500, -51, 125
-389, -38, 106
-365, -135, -141
-376, -100, -96
-376, -100, -96
-343, -28, 114
-403, 24, 173
-465, 31, 74
-517, 9, 149
-570, 61, 149
-570, 61, 149
-771, 170, 172
-983, 154, 360
-1204, 59, 463
-1295, -18, 606
-1490, -17, 693
-1705, 45, 747
-1761, 33, 705
-1793, 42, 610
-1793, 42, 610
-1795, 63, 677
-1701, 90, 505
-1665, 114, 494
-1676, 115, 568
-1633, 130, 530
-1565, 162, 449
-1538, 110, 663
-1525, 70, 710
-1653, 61, 612
-1445, 40, 602
-,-,-
-508, -78, -134
-430, -25, -59
-591, -1, 222
-518, -32, 238
-370, -52, 122
-272, -3, 300
-267, -30, 301
-267, -30, 301
-266, -51, 23
-237, -17, 97
-328, -23, 105
-543, 80, -16
-725, 142, -85
-929, 58, 208
-929, 58, 208
-1185, -19, 436
-1260, -24, 493
-1427, 9, 691
-1723, 116, 931
-1935, 119, 862
-1836, 123, 777
-1811, 75, 666
-1800, 78, 638
-1800, 78, 529
-1804, 112, 529
-1759, 144, 508
-1800, 193, 443
-1666, 152, 497
-1580, 117, 765
-,-,-
-634, 10, 95
-634, 10, 95
-652, -9, 106
-736, -72, -37
-473, 0, 448
-509, -42, 286
-413, -134, -166
-358, -146, 70
-358, -146, 70
-346, -68, 166
-381, 16, 42
-393, 37, 18
-478, 3, 180
-463, -30, 154
-463, -30, 154
-429, -57, 0
-538, -8, 121
-830, 87, 249
-1058, 103, 372
-1166, -7, 304
-1311, -46, 553
-1311, -46, 553
-1634, -4, 896
-1819, 67, 847
-1919, 90, 775
-1995, 127, 705
-1993, 152, 855
-1898, 90, 728
-1780, 65, 590
-1740, 114, 608
-1581, 60, 418
-,-,-
-308, -55, 10
-308, -55, 10
-679, -77, 295
-549, -27, 231
-589, -68, 98
-732, 127, 65
-559, 70, -57
-559, 70, -57
-538, -33, 138
-530, -144, 156
-664, -66, 238
-724, -55, 105
-822, -37, 198
-925, -110, 281
-1022, -127, 508
-1172, -120, 380
-1417, -108, 505
-1680, -39, 637
-1804, -30, 732
-1860, 72, 622
-1860, 72, 622
-1959, 197, 606
-1978, 288, 619
-1817, 173, 529
-1826, 146, 489
-1722, 131, 419
-,-,-
-580, 47, 335
-468, -56, -129
-468, -56, -129
-415, -180, -4
-343, -129, 306
-351, -168, -38
-320, -130, -1
-347, -96, -24
-614, 20, 58
-775, 5, 81
-775, 5, 81
-928, -3, 77
-1085, -19, 217
-1387, 95, 348
-1639, 177, 594
-1808, 159, 753
-1652, 47, 655
-1652, 47, 655
-1600, 66, 551
-1706, 178, 591
-1711, 176, 586
-1608, 106, 493
-1462, 38, 412
-1544, 122, 438
-1516, 140, 383
-1469, 119, 360
-1517, 103, 330
-,-,-
-503, 43, 3
-398, -16, -67
-411, -63, 87
-411, -63, 87
-489, -12, 240
-437, -75, 0
-296, -32, -101
-401, 62, 116
-548, 0, 67
-548, 0, 67
-561, -145, 1
-544, -128, 157
-849, 21, 140
-1080, 52, 183
-1293, -9, 198
-1293, -9, 198
-1179, -135, 274
-1353, -87, 372
-1615, 43, 521
-1813, 74, 513
-1839, 76, 654
-1762, 6, 653
-1668, -17, 512
-1727, 38, 388
-1727, 38, 388
-1717, 94, 377
-1651, 49, 498
-1511, -3, 516
-1522, 0, 424
-1507, -13, 416
-1619, 35, 605
-,-,-
-597, 56, -283
-500, -10, 14
-599, 2, 489
-461, -79, 141
-461, -157, -292
-483, -65, 84
-483, -65, 84
-626, -30, 0
-681, -30, 136
-718, -34, 325
-637, -38, 188
-661, -71, 40
-661, -71, 40
-673, -114, 84
-813, -30, 132
-1056, 157, 72
-1223, 211, 107
-1240, 112, 286
-1240, -4, 326
-1384, 9, 548
-1384, 9, 548
-1616, 87, 612
-1735, 130, 622
-1723, 78, 573
-1658, 17, 547
-1629, 34, 544
-1715, 95, 556
-1722, 134, 495
-1686, 148, 459
-1686, 148, 459
-,-,-
-266, -50, -88
-737, 35, 215
-847, 111, 302
-752, 47, 461
-646, -42, 85
-646, -42, 85
-545, -74, 79
-518, -161, 26
-507, -227, 77
-668, -117, 170
-914, 46, 95
-1121, 99, 190
-1121, 99, 190
-1309, 107, 200
-1286, 19, 506
-1394, 50, 615
-1520, 104, 537
-1675, 127, 639
-1711, 132, 673
-1770, 163, 718
-1831, 186, 609
-1844, 202, 614
-1766, 159, 615
-1622, 114, 518
-,-,-
-525, 12, 276
-386, -111, 322
-609, -62, 293
-688, 48, 120
-688, 48, 120
-643, 23, -20
-585, -52, -35
-696, -22, 157
-790, 40, 263
-930, 103, 274
-930, 103, 274
-1118, 138, 371
-1123, 43, 405
-1124, -20, 540
-1275, 19, 606
-1373, 55, 432
-1437, 78, 454
-1403, 43, 585
-1419, 10, 602
-1419, 10, 602
-1567, 67, 551
-1586, 59, 571
-1598, 30, 629
-1635, 9, 652
-1596, -8, 579
-1535, -22, 540
-,-,-
-297, 10, 66
-384, -15, 269
-384, -15, 269
-511, -20, -8
-516, -8, -49
-440, 56, 183
-554, 64, 100
-577, -11, 8
-577, -11, 8
-606, -13, 82
-802, 26, 142
-994, 85, 336
-1026, -28, 364
-1200, -37, 410
-1369, 8, 453
-1369, 8, 453
-1414, 34, 484
-1483, 109, 530
-1604, 191, 536
-1523, 224, 527
-1484, 171, 613
-1462, 123, 614
-1477, 96, 668
-1550, 121, 615
-1625, 118, 558
-,-,-
-628, 19, -134
-539, 80, 48
-584, -5, 297
-554, -46, 290
-595, 6, 113
-595, 6, 113
-523, -20, 32
-345, -146, 67
-284, -204, -83
-526, -76, 19
-654, 39, 72
-654, 39, 72
-748, 24, -19
-919, 28, 180
-1123, 15, 374
-1248, -31, 389
-1404, -3, 496
-1553, 56, 641
-1553, 56, 641
-1657, 20, 587
-1779, 37, 618
-1621, 7, 608
-1596, -10, 639
-1624, 11, 560
-1625, 40, 419
-1536, 51, 467
-1536, 51, 467
-1513, 45, 433
-1476, -5, 411
-1373, -110, 453
-,-,-
-428, 20, 69
-683, 45, 295
-635, -50, 210
-635, -50, 210
-692, -70, 183
-619, -34, 86
-607, -81, -95
-469, -176, -59
-421, -196, 38
-700, -60, 157
-833, -43, 74
-833, -43, 74
-897, -109, 191
-1048, -123, 321
-1330, -81, 506
-1439, -119, 679
-1488, -136, 613
-1634, -71, 652
-1763, 24, 655
-1780, 10, 600
-1688, 21, 656
-1629, 31, 488
-1557, 29, 570
-1557, 29, 570
-1458, -12, 561
-1410, -44, 513
-1355, -88, 496
-1449, -84, 427
-,-,-
-662, -25, 99
-662, -25, 99
-583, -86, 286
-716, -67, 13
-749, -57, -51
-661, -35, 136
-656, -59, 90
-594, -109, -69
-594, -109, -69
-458, -174, 67
-590, -65, 219
-759, 4, 116
-747, -94, 93
-825, -142, 278
-999, -118, 353
-1274, -63, 296
-1395, -51, 486
-1395, -51, 568
-1541, -80, 568
-1612, -66, 577
-1683, -82, 536
-1664, -76, 486
-1727, -34, 566
-1644, -53, 522
-1616, -27, 464
-1739, 47, 538
-1606, 1, 484
-,-,-
-542, -41, 216
-542, -41, 216
-430, -110, 111
-705, -78, 62
-615, -99, 126
-480, -119, 13
-528, -17, 20
-590, -26, -32
-581, -51, 102
-581, -51, 102
-656, -99, 92
-745, -32, -22
-889, 5, 68
-1087, -8, 230
-1321, -33, 254
-1426, -28, 554
-1426, -28, 554
-1569, 60, 494
-1655, 21, 458
-1689, -31, 570
-1797, -65, 567
-1809, -49, 549
-1754, -66, 510
-1762, -81, 509
-1730, -78, 453
-,-,-
-660, -31, -176
-776, 15, -142
-747, -52, 211
-589, -125, 399
-688, -157, -127
-609, -146, -88
-549, -81, 223
-532, -144, 46
-634, -106, 24
-634, -106, -42
-756, -71, -42
-784, -36, 49
-964, 24, 116
-1001, -119, 229
-1056, -202, 309
-1265, -99, 351
-1509, 72, 377
-1587, 52, 505
-1668, 42, 482
-1705, 61, 558
-1705, 61, 558
-1731, 88, 534
-1825, 97, 415
-1890, 120, 529
-1895, 91, 556
-1712, 15, 487
-,-,-
-314, 8, -262
-512, 21, 362
-777, -76, 163
-757, 33, -233
-664, 41, 194
-664, 41, 194
-651, -66, -23
-678, -31, -146
-680, -86, -57
-697, -151, 63
-844, -48, 32
-903, -48, 46
-979, -97, 115
-979, -97, 115
-955, -156, 236
-1062, -69, 294
-1291, 40, 363
-1341, 34, 285
-1389, 20, 294
-1421, -44, 395
-1546, -13, 464
-1670, -22, 438
-1750, 19, 560
-1750, 19, 560
-1882, 96, 548
-1985, 78, 646
-,-,-
-472, -91, -53
-545, -96, 204
-535, -150, -66
-539, -151, -13
-430, -111, 255
-433, -103, 106
-418, -84, -183
-545, -88, -105
-545, -88, -105
-577, -75, 159
-556, -73, 18
-732, 28, -158
-1034, 132, -7
-1237, 90, 280
-1331, 4, 353
-1373, -87, 426
-1373, -87, 426
-1429, -116, 489
-1578, -38, 553
-1721, -14, 578
-1752, -86, 648
-1719, -142, 628
-1767, -44, 707
-1817, 97, 605
-1806, 143, 535
-1578, 56, 418
-1562, -47, 528
-,-,-
-526, -79, -11
-649, -73, -20
-572, -81, 26
-572, -81, 26
-564, -67, 64
-383, -68, 10
-478, -24, -26
-481, -43, 1
-395, -98, -12
-395, -98, -12
-511, -18, 108
-750, 68, 59
-827, -46, -9
-896, -136, 123
-1184, -4, 338
-1360, 13, 438
-1376, -30, 574
-1376, -30, 574
-1516, 23, 631
-1583, 31, 613
-1546, 15, 521
-1570, 44, 470
-1569, 94, 489
-1613, 105, 515
-1649, 128, 408
-1722, 168, 373
-1690, 151, 524
-1454, 82, 628
-,-,-
-427, -68, -316
-570, -30, -375
-713, 16, 134
-398, -116, 419
-454, -168, 6
-538, -53, -145
-510, -68, 54
-510, -68, 54
-515, -116, -5
-533, -90, 0
-620, -96, 75
-645, -102, 190
-820, -26, 19
-1022, 18, 193
-1022, 18, 193
-1100, -38, 222
-1198, -26, 364
-1452, 50, 514
-1530, 24, 556
-1536, 29, 521
-1649, 123, 566
-1638, 129, 611
-1588, 118, 491
-1532, 106, 400
-1549, 106, 500
-1549, 106, 500
-1547, 109, 498
-1448, 56, 471
-,-,-
-446, -34, -209
-808, 82, 468
-841, -41, 206
-817, -117, 93
-681, -54, 277
-681, -54, 277
-706, -70, -58
-683, -129, -34
-755, -71, 39
-875, 1, 62
-937, 10, 157
-937, 10, 157
-855, -126, 156
-873, -106, 211
-1066, 31, 302
-1200, 44, 400
-1287, 47, 460
-1315, 73, 398
-1352, 85, 405
-1399, 57, 409
-1399, 57, 409
-1457, 69, 517
-1513, 85, 575
-1540, 118, 491
-1578, 165, 485
-1622, 167, 467
-1577, 134, 572
-1482, 45, 508
-,-,-
-404, -63, -203
-504, -145, -9
-448, -214, 161
-377, -260, 250
-424, -196, 44
-586, -22, -131
-603, 13, -26
-603, 13, -26
-543, -26, -48
-608, 14, 94
-726, 22, -11
-786, -63, 65
-900, -61, 149
-900, -61, 149
-1171, 4, 293
-1333, -18, 410
-1379, -107, 430
-1457, -41, 449
-1595, 51, 454
-1675, 92, 454
-1690, 137, 509
-1614, 17, 617
-1460, -86, 592
-1480, -21, 530
-1480, -21, 530
-1536, 6, 566
-1566, 12, 490
-,-,-
-553, 0, -45
-308, -96, -137
-578, -31, 200
-694, 24, 377
-379, -82, 194
-379, -82, 194
-341, -168, 0
-430, -73, -31
-408, -36, 76
-562, -20, 166
-743, 18, 52
-749, -2, -11
-749, -2, -11
-836, -98, 260
-943, -51, 410
-1171, 1, 251
-1248, -11, 244
-1339, 15, 513
-1386, 56, 634
-1386, 56, 634
-1513, 131, 645
-1657, 165, 633
-1658, 116, 641
-1675, 87, 612
-1674, 98, 638
-1632, 69, 572
-1599, 24, 491
-1618, 19, 497
-1604, 17, 518
-1604, 17, 518
-1547, 57, 652
-,-,-
-490, -100, -334
-553, 57, 114
-518, -9, 244
-573, -84, -113
-467, -62, 111
-412, -74, 113
-405, -50, -97
-406, -36, 1
-406, -36, 1
-342, -63, 117
-460, -49, 44
-506, -108, 25
-555, -127, 81
-747, 19, 217
-747, 19, 217
-1013, 108, 162
-1281, 49, 260
-1408, -22, 488
-1456, -8, 652
-1567, 26, 550
-1680, 47, 591
-1672, 79, 623
-1610, 28, 539
-1610, 28, 539
-1451, -37, 521
-1477, 9, 566
-1537, 94, 525
-1567, 131, 553
-1509, 210, 560
-1388, 132, 486
-,-,-
-472, -33, -244
-480, -86, 316
-538, -101, 401
-456, -17, 141
-384, -8, -55
-384, -8, -55
-567, 50, -76
-698, 79, 8
-695, 56, 19
-732, 108, -18
-732, 108, -18
-835, 138, -42
-979, 122, 61
-947, 36, 176
-957, -67, 222
-1034, -18, 316
-1306, 55, 391
-1383, 57, 480
-1383, 57, 480
-1516, 52, 527
-1452, 8, 515
-1462, -6, 515
-1533, 33, 583
-1525, 57, 505
-1537, 76, 517
-1592, 139, 531
-1586, 165, 506
-1586, 165, 506
-,-,-
-433, -72, 49
-357, -61, 440
-483, -66, 170
-396, -130, 107
-271, -135, 172
-371, -4, -70
-461, 32, -148
-461, 32, -148
-519, -29, -75
-668, 32, 219
-897, 85, 51
-1062, 102, 23
-1015, -32, 169
-1102, -21, 526
-1349, 40, 652
-1349, 40, 652
-1468, 31, 678
-1480, 7, 730
-1535, 26, 634
-1593, 50, 568
-1634, 51, 609
-1698, 83, 643
-1820, 122, 539
-1820, 122, 539
-1796, 146, 437
-,-,-
-582, 15, 232
-582, 15, 232
-491, -52, 223
-421, -131, 179
-449, -84, 177
-480, -5, 253
-461, -90, 99
-461, -90, 99
-432, -107, 18
-521, -55, 110
-640, -2, 175
-797, 54, 49
-937, 91, 95
-937, 91, 95
-938, 55, 131
-959, 17, 248
-1106, 2, 277
-1235, 14, 380
-1313, 27, 682
-1313, 27, 682
-1450, -36, 875
-1640, -90, 840
-1703, -96, 782
-1782, -76, 727
-1876, -45, 688
-1797, 44, 677
-1747, 2, 632
-1645, -31, 614
-,-,-
-467, -116, -128
-356, -90, 65
-462, -116, 35
-462, -116, 35
-403, -115, 24
-366, -124, 118
-395, -82, 104
-328, -105, -70
-314, -106, -71
-450, 11, 31
-512, 84, 59
-512, 84, 59
-578, 70, 59
-679, 5, 101
-765, 25, 174
-973, 124, 187
-973, 124, 187
-1152, 160, 241
-1256, 117, 462
-1346, 30, 718
-1392, -36, 788
-1536, 82, 772
-1623, 83, 607
-1684, 0, 749
-1777, -14, 716
-1782, 17, 713
-1782, 17, 713
-1814, 30, 632
-1748, 5, 558
-,-,-
-299, -84, -172
-378, -138, 160
-407, -150, -8
-388, -117, 42
-388, -117, 42
-404, -73, 190
-530, -20, 111
-518, -22, 77
-598, -2, 176
-625, 9, 175
-625, 9, 175
-698, 8, 238
-818, -18, 128
-949, 7, 219
-1053, 5, 257
-1053, 5, 257
-1142, -11, 298
-1385, 15, 562
-1575, 48, 718
-1625, 68, 754
-1697, 110, 732
-1695, 104, 719
-1691, 86, 688
-1554, 30, 478
-1469, 9, 413
-1469, 9, 413
-,-,-
-608, -95, -125
-415, -116, 124
-493, -132, 316
-379, -162, 142
-379, -162, 142
-305, -208, -59
-329, -167, 75
-366, -98, 165
-357, -76, 27
-400, -1, 78
-523, 20, 101
-662, 39, 203
-662, 39, 203
-708, -15, 157
-736, -24, 156
-915, 40, 173
-1121, 85, 327
-1348, 44, 599
-1423, -20, 711
-1423, -20, 711
-1479, -80, 709
-1696, 2, 899
-1811, 31, 877
-1762, 6, 864
-1672, 9, 667
-1656, 34, 646
-1633, 44, 627
-1633, 44, 627
-1521, 13, 561
-,-,-
-556, -77, -50
-466, -157, 104
-342, -181, 294
-411, -91, 215
-411, -91, 215
-580, 8, 99
-586, -22, 212
-547, -133, 101
-556, -154, -48
-668, -134, 112
-760, -106, 173
-839, -45, 154
-984, 66, 241
-984, 66, 241
-1150, 101, 231
-1238, 9, 308
-1363, -27, 475
-1402, -30, 527
-1573, -22, 628
-1684, -33, 595
-1732, 3, 655
-1651, -8, 521
-1651, -8, 521
-1621, 15, 548
-1538, 70, 511
-1512, 120, 490
-1453, 54, 460
-1345, 30, 465
-,-,-
-498, -108, -241
-448, -137, -52
-482, -161, 359
-367, -104, 242
-367, -104, 242
-480, -115, -109
-383, -116, -35
-413, -100, 267
-535, -84, 149
-633, -87, 12
-714, -61, 123
-828, -32, 193
-923, -29, 149
-1029, 22, 192
-1102, 22, 273
-1102, 22, 273
-1288, 58, 349
-1410, 46, 492
-1361, -18, 501
-1431, 21, 433
-1587, 91, 593
-1666, 80, 653
-1675, 63, 658
-1675, 63, 658
-1743, 90, 710
-1694, 101, 664
-1604, 99, 646
-1550, 53, 608
-1501, 26, 557
-,-,-
-607, -190, -110
-607, -190, -110
-710, -167, -52
-693, -105, 297
-656, -87, 238
-597, -119, -4
-604, -125, -61
-621, -85, 88
-657, -61, 104
-660, -63, 83
-697, -59, 73
-697, -59, 73
-747, -55, 193
-804, -15, 229
-853, -22, 158
-954, -15, 245
-1060, 4, 318
-1261, 43, 395
-1261, 43, 395
-1348, -5, 525
-1388, -63, 667
-1430, -34, 607
-1434, 7, 424
-1502, 14, 391
-1544, -32, 536
-1622, 11, 563
-1773, 120, 554
-1848, 157, 604
-1848, 157, 604
-,-,-
-415, -210, -245
-448, -94, 88
-501, -69, 391
-501, -69, 391
-652, -129, -38
-618, -54, 80
-764, 47, 161
-766, -4, 154
-715, -111, 211
-691, -120, 264
-787, -58, 116
-787, -58, 116
-960, 13, 210
-1055, -14, 341
-1148, -94, 457
-1203, -15, 503
-1360, 30, 461
-1473, -2, 553
-1508, 0, 597
-1552, -8, 664
-1552, -8, 664
-1651, 40, 625
-1736, 93, 682
-1853, 130, 745
-1741, 119, 696
-,-,-
-446, -54, 274
-467, -152, -6
-467, -152, 45
-411, -179, 45
-359, -106, 235
-404, -62, 147
-428, 18, 28
-471, -23, 53
-528, -23, 168
-595, -73, 4
-595, -73, 4
-752, 6, 3
-1007, 94, 176
-1130, 30, 339
-1110, -72, 414
-1110, -72, 414
-1216, -118, 391
-1484, -60, 622
-1658, 25, 780
-1659, 23, 716
-1651, 5, 673
-1619, 18, 621
-1581, -19, 559
-1605, -6, 513
-1792, 116, 599
-1744, 98, 573
-1744, 98, 573
-,-,-
-399, -41, -237
-469, -129, 19
-430, -34, 343
-448, -27, 242
-389, -45, -35
-389, -45, -35
-390, 0, -10
-401, -12, 79
-420, -35, 136
-532, -15, -15
-677, 74, -59
-677, 74, -59
-848, 92, 43
-926, -15, 221
-897, -124, 254
-1019, -103, 250
-1270, 25, 241
-1441, 76, 440
-1525, 51, 660
-1525, 51, 660
-1407, -51, 487
-1545, -23, 556
-1679, 60, 675
-1718, 64, 675
-1733, 66, 638
-1748, 86, 770
-1748, 45, 690
-1647, -41, 466
-1551, 20, 516
-,-,-
-419, -137, -226
-294, -57, 299
-608, -168, 621
-448, -192, 51
-544, 5, 302
-654, 122, 221
-569, 62, 64
-569, 62, 64
-551, -19, 77
-601, -1, -22
-711, 8, -82
-818, -13, 90
-818, -13, 90
-924, 0, 161
-997, -45, 169
-1074, -61, 189
-1155, -68, 388
-1244, -32, 595
-1300, -6, 651
-1312, 32, 679
-1312, 32, 679
-1444, 153, 593
-1592, 228, 666
-1597, 182, 753
-1573, 106, 697
-1585, 175, 791
-1588, 204, 773
-,-,-
-304, -79, 0
-341, -54, 132
-283, -52, 89
-428, 12, 346
-538, 75, 91
-538, 75, 91
-605, 64, -68
-644, 31, 175
-582, -34, 87
-593, -123, 80
-593, -123, 80
-733, -121, 216
-873, -32, 208
-965, 24, 202
-1110, -1, 189
-1231, -4, 280
-1226, -27, 376
-1291, 21, 405
-1507, 91, 527
-1507, 91, 527
-1577, 81, 655
-1590, 36, 707
-1631, 40, 653
-1568, 25, 614
-1565, 33, 573
-1557, 33, 504
-1468, 31, 538
-,-,-
-401, -160, -158
-223, -139, 48
-457, -19, 517
-357, -191, 182
-449, -199, -148
-373, -81, 211
-400, -101, 18
-489, -32, -219
-555, -7, 51
-555, -7, 51
-573, -59, 11
-692, -15, 112
-818, 39, 18
-862, -4, -75
-862, -4, -75
-994, -2, 289
-1139, -7, 408
-1301, 32, 528
-1410, 43, 528
-1470, -2, 565
-1478, -56, 646
-1478, -56, 646
-1465, -73, 576
-1503, 6, 514
-1537, 69, 414
-1537, 68, 476
-1556, 59, 518
-1600, 41, 519
-1637, 37, 584
-1580, 22, 679
-1580, 22, 679
-,-,-
-528, -54, 142
-522, -87, 340
-448, -208, 101
-456, -167, -88
-455, -108, 89
-455, -108, 89
-471, -117, 52
-573, -52, 117
-504, -85, 143
-447, -163, 141
-512, -106, 51
-546, -62, -42
-720, 29, 211
-720, 29, 211
-954, 16, 416
-997, -69, 267
-1050, -35, 211
-1288, 0, 413
-1683, 34, 899
-1749, -6, 856
-1749, -6, 856
-1762, -14, 616
-1810, 47, 605
-1918, 50, 646
-1929, 73, 685
-1854, 55, 537
-1762, 21, 459
-1744, 33, 444
-,-,-
-383, -150, -51
-341, -113, 318
-624, -80, 659
-601, -152, 220
-373, -165, 93
-453, -102, -24
-453, -102, -24
-725, 15, 119
-749, -75, 98
-704, -114, -46
-757, -83, 122
-982, -8, 253
-981, -75, 287
-1020, -90, 349
-1142, -49, 363
-1142, -49, 363
-1165, -55, 377
-1392, 71, 587
-1547, 124, 443
-1629, 160, 602
-1756, 182, 711
-1802, 132, 646
-1812, 64, 630
-1809, 23, 628
-,-,-
-427, -23, 250
-427, -23, 250
-478, -33, 352
-418, -78, 206
-530, -85, 75
-638, -55, 43
-737, 32, -5
-659, -21, 3
-659, -21, 3
-636, -101, 183
-820, -146, 127
-1058, -38, 199
-989, -47, 253
-1026, -132, 470
-1122, -109, 605
-1210, -100, 514
-1214, -63, 386
-1392, 78, 415
-1609, 152, 608
-1609, 152, 608
-1641, 86, 631
-1642, 19, 560
-1709, 18, 641
-1812, 95, 759
-1777, 104, 705
-,-,-
-456, -90, -169
-442, -179, 172
-381, -126, 516
-591, -52, 158
-635, -24, 56
-499, -91, 100
-477, -107, 126
-578, -62, 0
-578, -62, 0
-739, 35, 92
-773, -4, 82
-778, -115, 126
-806, -48, 246
-950, 39, 297
-950, 39, 297
-1050, -4, 357
-1129, -69, 448
-1213, -16, 549
-1282, 38, 650
-1439, 33, 661
-1458, -30, 684
-1395, -105, 772
-1460, -63, 796
-1490, 1, 715
-1490, 1, 715
-1482, 25, 616
-1507, 61, 643
-1560, 86, 632
-1654, 100, 707
-,-,-
-417, -172, -76
-309, -190, -53
-245, -109, 399
-386, 32, 427
-574, 16, -4
-574, 16, -4
-519, 11, 8
-521, -41, 171
-500, -82, -5
-651, 4, -20
-651, 4, -20
-775, 2, 28
-869, -27, 191
-922, -21, 299
-939, -23, 93
-939, -23, 93
-1084, 2, 293
-1243, 4, 537
-1310, -2, 525
-1423, 71, 491
-1510, 158, 412
-1609, 196, 535
-1643, 174, 667
-1643, 174, 667
-1725, 176, 742
-1768, 191, 670
-,-,-
-326, -172, -39
-616, -78, 173
-628, 69, 449
-628, 69, 449
-375, -82, 273
-449, -207, -57
-423, -73, 222
-548, 15, 164
-562, 12, -21
-560, -71, 16
-560, -71, 16
-586, -96, 104
-653, -83, 53
-738, -41, 15
-883, 2, -30
-1121, 47, 188
-1121, 47, 188
-1225, 35, 360
-1154, -100, 413
-1244, -83, 497
-1450, 26, 609
-1564, 125, 661
-1584, 175, 671
-1627, 175, 677
-1561, 122, 598
-1575, 141, 686
-1624, 146, 645
-1627, 113, 515
-1542, 3, 450
-1542, 3, 450
-,-,-
-437, -229, -217
-439, -113, 288
-367, -86, 267
-574, -114, -212
-445, -128, 94
-438, -89, 326
-460, -51, -88
-485, -21, 0
-490, 24, 115
-490, 24, 115
-697, 60, 7
-781, 7, 129
-733, -63, 191
-842, -5, 198
-842, -5, 198
-1102, 131, 229
-1226, 108, 349
-1284, 56, 628
-1337, 6, 639
-1323, -29, 593
-1418, 37, 622
-1485, 94, 653
-1429, 64, 585
-1429, 64, 585
-1428, 37, 452
-1473, 95, 447
-1600, 142, 502
-,-,-
-384, -37, 243
-444, -56, 106
-545, -69, -1
-523, -27, 27
-472, -55, 100
-472, -55, 100
-516, -66, 94
-596, -31, 122
-697, 13, 101
-760, 10, 194
-775, -50, 88
-775, -50, 88
-886, -22, 158
-919, -29, 362
-990, -50, 279
-1100, 44, 367
-1183, 126, 591
-1295, 105, 557
-1440, 84, 617
-1394, 58, 640
-1394, 58, 640
-1383, 77, 523
-1556, 140, 598
-1727, 196, 553
-1731, 165, 608
-,-,-
-492, -12, -187
-546, -60, 450
-509, -152, 495
-540, -12, 136
-611, 60, -28
-611, 60, -28
-644, 34, -49
-664, 77, -38
-718, 109, 16
-804, 122, 41
-848, 49, 106
-848, 49, 106
-818, -17, 172
-844, -43, 277
-935, -20, 297
-1016, -14, 434
-1131, 17, 593
-1209, 63, 519
-1294, 78, 558
-1294, 78, 558
-1349, 52, 630
-1418, 3, 665
-1410, 7, 565
-1618, 104, 634
-1779, 157, 772
-1769, 162, 885
-1767, 125, 623
-,-,-
-418, -77, 297
-418, -77, 297
-474, -87, -44
-490, 4, 220
-603, -15, 338
-605, -32, -39
-470, -55, -37
-530, -37, 31
-530, -37, 31
-633, 11, 21
-673, 23, 68
-689, -6, 5
-763, 15, 42
-763, 15, 42
-927, 86, 94
-1087, 177, 432
-1283, 110, 697
-1413, 30, 722
-1419, 47, 747
-1419, 47, 747
-1572, 94, 762
-1768, 130, 775
-1741, 136, 813
-1688, 117, 723
-1735, 161, 553
-1747, 175, 647
-1704, 190, 731
-,-,-
-572, 84, 335
-572, 84, 335
-413, -1, 473
-489, -114, 113
-507, -80, 111
-651, 66, 133
-632, 47, -197
-632, 47, -197
-651, 5, -51
-678, -22, 102
-771, -4, 170
-789, 8, 180
-895, 5, 101
-895, 5, 101
-963, 22, 262
-935, -45, 332
-916, -136, 334
-1089, -73, 364
-1252, 39, 394
-1304, 55, 513
-1304, 55, 513
-1330, 13, 645
-1354, 22, 688
-1426, 38, 583
-1541, 85, 580
-1572, 140, 624
-1617, 177, 638
-1590, 162, 603
-1629, 166, 681
-1712, 140, 735
-,-,-
-384, -41, 35
-388, -82, 164
-561, 23, 333
-612, 57, 442
-612, 57, 442
-544, 0, 133
-502, -42, 41
-547, -35, 9
-632, 33, 5
-632, 33, 5
-720, 15, 112
-758, -10, 205
-755, 7, 6
-755, 7, 6
-789, 48, -42
-929, 92, 274
-1072, 44, 357
-1025, -59, 234
-1025, -59, 234
-1119, 34, 359
-1400, 157, 553
-1537, 148, 573
-1635, 156, 711
-1691, 137, 723
-1718, 109, 663
-1734, 110, 677
-1721, 109, 585
-1714, 117, 582
-1666, 90, 605
-1719, 78, 699
-1747, 120, 574
-,-,-
-401, -13, -174
-563, 29, 282
-543, -41, 283
-696, 80, 203
-873, 69, 223
-873, 69, 223
-801, -11, -48
-784, -12, 143
-889, 23, 187
-940, 13, 172
-898, -88, 290
-953, -92, 312
-953, -92, 312
-983, -53, 384
-1111, -32, 567
-1229, -17, 507
-1343, 5, 577
-1403, 70, 655
-1432, 82, 607
-1529, 89, 572
-1615, 133, 625
-1615, 133, 625
-1732, 209, 722
-1803, 257, 618
-1792, 252, 646
-,-,-
-397, -16, -117
-554, 39, 249
-554, 39, 249
-517, 33, 381
-405, -150, 119
-401, -127, 147
-541, 1, 44
-631, 48, -138
-631, 48, -138
-663, 61, 12
-733, 57, 96
-763, -10, 142
-827, -54, 117
-946, 12, 338
-946, 12, 338
-1098, 34, 454
-1229, 32, 618
-1339, 55, 574
-1470, 87, 594
-1553, 128, 739
-1682, 182, 804
-1669, 123, 812
-1705, 106, 804
-1785, 137, 782
-1785, 137, 782
-1824, 114, 733
-1779, 116, 597
-1737, 153, 546
-,-,-
-347, -6, -170
-327, 40, 422
-423, -59, 491
-423, -59, 491
-574, -95, -178
-615, 51, -86
-743, 78, 137
-811, 49, 20
-826, 21, 111
-826, 21, 111
-794, 6, 280
-955, 13, 163
-1031, 10, 259
-1061, 34, 454
-1030, -73, 480
-994, -149, 487
-1096, -41, 450
-1096, -41, 450
-1187, 38, 405
-1311, 95, 524
-1461, 157, 679
-1430, 89, 729
-1328, 0, 611
-1428, 62, 639
-1509, 151, 680
-1619, 193, 688
-1648, 171, 809
-1648, 171, 809
-1615, 173, 769
-,-,-
-270, -96, -312
-510, -23, 161
-394, -36, 405
-450, -102, 296
-462, -74, 234
-512, 18, 88
-624, 63, 4
-624, 63, 4
-632, 26, 43
-695, 30, 67
-771, 53, 249
-771, 53, 249
-911, 63, 255
-1059, 73, 140
-1130, 61, 310
-1244, 13, 537
-1296, -3, 585
-1326, -28, 560
-1412, 1, 514
-1412, 1, 514
-1519, 116, 557
-1667, 177, 612
-1726, 167, 648
-1686, 146, 592
-1737, 152, 599
-1860, 167, 722
-1876, 150, 813
-,-,-
-422, -108, 33
-500, -34, 503
-555, -84, 680
-555, -84, 680
-625, -80, -3
-713, 69, -133
-759, 136, 207
-797, 111, 33
-879, 174, -58
-1072, 223, 235
-1207, 130, 285
-1207, 130, 285
-1264, 3, 476
-1368, -69, 740
-1490, -40, 788
-1614, 41, 703
-1723, 102, 747
-1823, 131, 818
-1854, 129, 794
-1788, 136, 658
-1679, 145, 603
-1622, 166, 597
-1627, 198, 601
-1566, 195, 608
-1566, 195, 608
-1501, 139, 572
-1429, 103, 510
-,-,-
-421, -25, -33
-590, -18, 352
-590, -18, 352
-358, -43, 403
-564, -26, 406
-526, 45, 152
-574, 21, -19
-669, -4, 256
-683, -5, 284
-683, -5, 284
-850, 42, 84
-1052, 81, 242
-1132, 71, 355
-1120, -37, 439
-1268, -95, 570
-1455, -18, 687
-1595, 18, 730
-1595, 18, 730
-1687, -1, 748
-1740, 34, 879
-1740, 85, 805
-1735, 93, 694
-1749, 69, 666
-1768, 57, 669
-1752, 144, 728
-1501, 161, 599
-,-,-
-320, -122, -106
-351, -181, -49
-489, -64, 302
-485, -44, 452
-513, -80, 37
-491, -55, -110
-592, 45, 285
-592, 45, 285
-721, 89, 140
-794, 146, 246
-898, 153, 137
-1067, 172, 236
-1153, 119, 347
-1187, -10, 507
-1274, -40, 606
-1448, 28, 659
-1448, 28, 659
-1627, 99, 735
-1752, 125, 851
-1830, 82, 790
-1856, 36, 690
-1856, -20, 628
-1857, -21, 583
-,-,-
-467, -201, 446
-410, -130, 307
-400, -182, -331
-409, 2, -13
-652, 99, 349
-869, 138, -48
-759, 88, 93
-759, 88, 93
-727, -33, 88
-873, -44, 56
-1027, 3, 148
-1009, -90, 349
-1052, -177, 489
-1193, -104, 554
-1290, -66, 436
-1333, -93, 479
-1333, -93, 479
-1459, -60, 651
-1601, 4, 729
-1691, 72, 825
-1722, 101, 839
-1721, 102, 766
-1728, 103, 794
-1833, 131, 679
-1901, 142, 621
-,-,-
-335, -124, -13
-335, -124, -13
-363, -82, 424
-480, -35, 353
-541, -18, 61
-599, -35, 102
-484, -104, 123
-542, -92, 134
-678, 21, 58
-678, 21, 58
-859, 100, 46
-930, 98, 279
-934, -4, 353
-1046, -79, 372
-1179, -23, 566
-1179, -23, 566
-1380, 32, 660
-1515, 4, 702
-1580, -28, 872
-1581, -44, 825
-1577, -62, 663
-1620, -51, 640
-1707, 2, 668
-1724, 39, 719
-1573, 46, 673
-1573, 46, 673
-1481, 36, 581
-1475, -17, 582
-,-,-
-315, -73, -327
-321, 51, 198
-377, -118, 279
-424, -156, 185
-467, -61, 90
-582, 50, -43
-582, 50, -43
-664, 103, -5
-584, 41, 10
-646, -7, 1
-697, -40, 110
-697, -40, 110
-675, -83, 132
-815, 2, 125
-975, 89, 219
-1133, 36, 307
-1101, -36, 409
-1131, -44, 480
-1234, 34, 541
-1234, 34, 541
-1338, 71, 588
-1469, 34, 601
-1580, 58, 737
-1625, 101, 762
-1758, 105, 692
-1831, 113, 711
-1883, 130, 730
-1892, 111, 696
-1815, 131, 648
-1747, 152, 708
-,-,-
-552, -90, 204
-368, -139, 73
-459, -78, 282
-459, -78, 282
-512, -60, 235
-621, 32, -27
-604, 25, -40
-587, -12, 127
-591, -6, 40
-591, -6, 40
-709, 28, -15
-835, 27, 123
-924, 38, 262
-936, 6, 414
-936, 6, 414
-1012, -53, 357
-1185, 0, 608
-1323, 33, 671
-1478, 84, 719
-1557, 118, 678
-1696, 116, 776
-1835, 139, 785
-1885, 134, 731
-1910, 129, 646
-1910, 129, 646
-,-,-
-158, -198, -61
-306, -138, -4
-486, -112, 148
-338, -126, 208
-484, -11, 205
-570, 105, 84
-664, 93, -23
-706, 73, 41
-706, 73, 41
-753, 56, 158
-812, 65, 120
-931, 37, 157
-1060, 2, 393
-1060, 2, 393
-1171, -13, 421
-1301, 40, 513
-1463, 119, 752
-1589, 101, 730
-1643, 59, 644
-1658, 93, 587
-1734, 129, 592
-1764, 147, 627
-1764, 147, 627
-1797, 153, 661
-1715, 143, 635
-,-,-
-375, -126, -184
-421, -96, -231
-542, -40, 260
-596, 38, 512
-609, 40, 218
-561, -34, 47
-582, -49, 113
-664, -35, 267
-767, 9, 208
-767, 9, 208
-900, 86, 198
-1063, 133, 401
-1208, 114, 499
-1275, 81, 655
-1288, 29, 680
-1288, 29, 654
-1450, 68, 654
-1628, 142, 620
-1719, 150, 653
-1755, 143, 590
-1780, 97, 606
-1819, 61, 705
-1781, 88, 645
-1704, 136, 686
-1645, 156, 667
-1591, 130, 544
-1437, 58, 494
-,-,-
-480, -66, -134
-576, -21, 251
-678, -71, 534
-789, -40, 357
-789, -40, 357
-725, -55, -71
-686, -85, 174
-700, -95, 242
-820, -66, 328
-885, -65, 250
-906, -55, 290
-927, -15, 344
-1033, 76, 325
-1033, 76, 325
-1203, 158, 290
-1376, 211, 425
-1421, 150, 556
-1357, 24, 570
-1441, 9, 621
-1577, 36, 663
-1608, 10, 574
-1629, 8, 637
-1629, 8, 637
-1652, -15, 606
-1687, -36, 568
-1675, -11, 536
-1684, 46, 588
-1612, 91, 678
-1457, 138, 728
-,-,-
-482, -87, 2
-323, -177, 384
-323, -177, 384
-339, -192, 394
-306, -156, 87
-313, -65, -57
-425, 43, -113
-627, 141, 35
-690, 133, 135
-819, 106, 47
-819, 106, 47
-932, 138, 238
-930, 33, 276
-955, -84, 317
-1061, -72, 293
-1161, 2, 404
-1372, 43, 612
-1489, 57, 632
-1489, 57, 632
-1507, 43, 474
-1534, 43, 601
-1645, 66, 687
-1696, 90, 641
-1665, 104, 581
-1691, 152, 521
-1735, 173, 522
-1795, 155, 601
-,-,-
-479, -21, -35
-154, -117, 883
-267, -93, 844
-267, -93, 844
-517, -76, 80
-532, -40, 167
-554, 27, 242
-623, 37, -8
-727, 30, 15
-727, 30, 15
-784, 24, 244
-846, 95, 12
-987, 168, 88
-1185, 171, 357
-1391, 125, 482
-1391, 125, 482
-1452, 74, 497
-1518, 94, 565
-1618, 114, 658
-1793, 132, 725
-1850, 136, 720
-1794, 157, 543
-1734, 217, 569
-1666, 243, 558
-1684, 207, 479
-1683, 164, 612
-1621, 205, 645
-,-,-
-408, -51, 386
-479, -102, 417
-555, -120, 243
-555, -120, 243
-578, -11, 280
-626, 105, -38
-636, 103, -126
-767, 85, 183
-811, 138, 123
-887, 139, 121
-1083, 146, 223
-1205, 133, 223
-1223, 58, 343
-1223, 58, 343
-1293, 88, 453
-1444, 131, 601
-1573, 110, 671
-1675, 85, 688
-1683, 54, 619
-1654, 61, 580
-1723, 86, 484
-1657, 88, 418
-1657, 88, 418
-,-,-
-340, -153, -226
-658, 51, 36
-761, 54, 727
-696, -39, 287
-798, -6, 208
-785, 61, 237
-701, 23, 105
-701, 23, 105
-601, -68, -4
-631, -57, 92
-752, 18, 204
-829, 26, 0
-829, 26, 0
-947, 45, 56
-1080, 72, 321
-1155, 30, 564
-1257, 48, 684
-1477, 111, 788
-1477, 111, 788
-1639, 131, 814
-1740, 114, 813
-1807, 109, 833
-1820, 103, 703
-1695, 111, 582
-1747, 103, 618
-,-,-
-554, 0, 87
-554, 0, 87
-622, -33, 328
-769, -102, 451
-635, -75, 261
-577, -50, 28
-688, -2, 296
-688, -2, 296
-794, -13, 129
-874, 56, -70
-924, 144, 24
-1083, 117, 224
-1139, 31, 240
-1190, 17, 248
-1334, 81, 395
-1334, 81, 395
-1501, 80, 638
-1593, 15, 782
-1525, -128, 721
-1505, -126, 655
-1605, 5, 598
-1618, 74, 512
-1636, 88, 432
-1607, 115, 401
-,-,-
-434, -84, -24
-600, -30, 171
-648, -112, 360
-648, -112, 509
-524, -189, 509
-488, -137, 243
-504, -23, 79
-521, 76, -19
-718, 155, 34
-875, 163, 217
-979, 115, 260
-1118, 116, 242
-1118, 116, 242
-1360, 125, 454
-1524, 74, 745
-1614, 50, 850
-1713, 96, 834
-1862, 137, 768
-1886, 81, 714
-1819, 30, 654
-1739, 28, 559
-1702, 48, 506
-1702, 48, 506
-,-,-
-486, -29, -471
-613, 89, 391
-368, -104, 976
-691, -167, 333
-621, -19, 86
-621, -19, 86
-647, 53, 84
-704, 82, 88
-786, 97, 185
-809, 76, 225
-809, 76, 225
-948, 53, 276
-1072, 126, 285
-1210, 107, 468
-1389, 56, 693
-1514, 49, 839
-1599, 53, 797
-1698, 91, 756
-1740, 137, 746
-1740, 137, 746
-1723, 177, 811
-1617, 163, 698
-1513, 147, 604
-1420, 124, 604
-1353, 112, 589
-1298, 99, 573
-1275, 106, 596
-1271, 90, 655
-1312, 87, 592
-,-,-
-460, -54, -110
-257, -53, 528
-257, -53, 528
-352, -139, 487
-360, -104, -6
-383, -9, -10
-480, 0, 118
-510, -88, 23
-502, -64, 136
-502, -64, 136
-623, 65, 78
-827, 145, 227
-1012, 130, 408
-1138, 71, 313
-1187, 80, 438
-1389, 102, 738
-1553, 99, 828
-1653, 74, 826
-1653, 74, 826
-1668, 53, 849
-1764, 86, 920
-1800, 103, 934
-1723, 77, 773
-1717, 69, 731
-1671, 72, 720
-1550, 76, 750
-1550, 76, 750
-1485, 8, 759
-,-,-
-524, -95, -26
-243, -25, 335
-439, -110, 469
-570, -33, 251
-536, 38, 60
-536, 38, 60
-637, 79, -66
-601, 73, 120
-599, 51, 196
-688, 107, 86
-688, 107, 86
-840, 119, 189
-970, 53, 371
-914, -82, 362
-963, -66, 305
-1233, 91, 381
-1439, 157, 515
-1439, 157, 515
-1525, 76, 763
-1551, 2, 814
-1565, 7, 703
-1696, 60, 702
-1828, 94, 780
-1872, 121, 865
-1753, 85, 672
-1647, 66, 498
-1647, 66, 498
-,-,-
-302, -140, -258
-436, -46, 140
-451, -1, 467
-451, -1, 467
-563, -31, 116
-616, 5, -65
-558, 59, 77
-538, -2, 7
-538, -2, 7
-543, -20, 115
-616, 52, 103
-725, 92, 9
-725, 92, 9
-866, 37, 215
-950, 16, 367
-958, -32, 441
-1046, -38, 524
-1266, 51, 658
-1466, 119, 710
-1466, 119, 710
-1591, 105, 786
-1639, 109, 819
-1752, 121, 732
-1809, 122, 819
-1781, 67, 744
-1753, 101, 741
-1708, 152, 777
-1567, 100, 621
-1448, 57, 478
-1396, 30, 488
-1395, 34, 531
-,-,-
-386, -124, 11
-489, -121, 177
-521, -151, 148
-312, -210, 244
-309, -228, -44
-425, -67, 104
-548, 23, 114
-603, 42, 56
-603, 42, 56
-597, 46, 238
-657, 147, 220
-815, 188, 209
-1005, 154, 314
-1110, 93, 471
-1219, 60, 438
-1219, 60, 438
-1361, 20, 421
-1386, -70, 589
-1472, -141, 663
-1480, -164, 622
-1541, -61, 629
-1684, 59, 642
-1814, 135, 710
-1831, 158, 739
-1774, 122, 717
-1636, 57, 600
-1566, 17, 613
-1482, 6, 700
-,-,-
-265, -7, -297
-349, 43, 831
-553, -60, 611
-694, 45, 151
-694, 45, 151
-597, 48, 188
-655, -11, -50
-709, 20, -61
-779, 90, 227
-849, 50, 257
-849, 50, 257
-903, -20, 390
-1049, -4, 399
-1203, 48, 563
-1343, 26, 770
-1392, -1, 818
-1505, 16, 733
-1505, 16, 733
-1586, 68, 706
-1630, 83, 685
-1726, 135, 756
-1761, 184, 721
-1723, 178, 667
-1652, 111, 606
-1590, 73, 491
-1592, 121, 627
-,-,-
-442, -72, -195
-550, 58, 197
-429, 64, 757
-669, -13, 526
-628, -46, 64
-544, -43, 45
-544, -43, 45
-444, -22, 47
-535, 84, 62
-685, 131, 122
-849, 105, 49
-849, 105, 49
-995, 62, 111
-1043, -32, 117
-1151, -87, 521
-1418, -23, 890
-1703, 36, 965
-1865, 2, 908
-1920, 42, 1013
-1985, 115, 922
-1972, 137, 828
-1972, 137, 828
-1877, 163, 659
-1700, 174, 535
-1654, 157, 481
-,-,-
-224, -174, 23
-114, -244, -209
-335, -143, 84
-483, -38, 430
-547, 13, 189
-541, 1, -73
-553, 34, 66
-553, 34, 66
-655, 104, 13
-814, 122, 134
-925, 84, 473
-892, 19, 382
-892, 19, 382
-923, -21, 437
-1111, -16, 761
-1320, 21, 853
-1486, 55, 800
-1470, 36, 676
-1505, 29, 745
-1599, 16, 788
-1622, 14, 770
-1622, 14, 770
-1640, 26, 684
-1689, 41, 676
-1731, 13, 771
-1623, -30, 704
-1570, -27, 698
-1545, 57, 688
-,-,-
-218, -126, -20
-463, -76, 306
-665, -50, 372
-679, 53, 579
-669, 54, 376
-669, 54, 376
-619, 8, 88
-668, 2, 115
-785, -4, 302
-794, -39, 227
-772, -67, 175
-772, -67, 175
-923, -1, 316
-1067, -9, 498
-1182, -33, 609
-1171, -27, 691
-1361, 44, 714
-1616, 190, 879
-1692, 195, 976
-1661, 130, 772
-1643, 107, 738
-1643, 107, 738
-1664, 115, 753
-1671, 116, 772
-1613, 116, 716
-1476, 45, 578
-1356, -22, 544
-,-,-
-424, -77, -220
-335, -117, 167
-465, -74, 389
-594, -9, 232
-523, -14, 174
-584, -30, 145
-516, -26, 206
-516, -26, 216
-536, -32, 216
-678, 25, 238
-901, 58, 247
-976, 0, 311
-1033, -86, 405
-1121, -95, 591
-1309, -68, 595
-1309, -68, 595
-1475, -42, 715
-1592, 22, 847
-1703, 40, 837
-1725, 79, 907
-1766, 87, 879
-1755, 90, 860
-1665, 72, 818
-1626, 37, 696
-1580, -18, 562
-1580, -18, 562
-,-,-
-412, -92, -582
-215, 89, 315
-534, -48, 593
-749, -34, 94
-600, 39, 273
-600, 39, 273
-585, 32, 193
-713, 25, 223
-799, 43, 425
-886, 57, 370
-1024, 116, 401
-1159, 101, 499
-1159, 101, 499
-1264, 35, 645
-1301, -8, 624
-1370, 18, 622
-1444, 18, 590
-1610, 40, 676
-1699, 83, 695
-1682, 116, 679
-1620, 128, 537
-1587, 152, 532
-1587, 152, 532
-1622, 180, 497
-1662, 203, 519
-1571, 191, 564
-1412, 129, 614
-,-,-
-491, -57, 49
-231, -15, 433
-231, -15, 433
-666, -77, 87
-679, -12, 172
-606, 18, 286
-584, -28, 129
-536, -93, 132
-584, -103, 175
-604, -68, 260
-604, -68, 260
-693, -50, 282
-916, 95, 185
-1219, 197, 432
-1287, 124, 671
-1473, 46, 788
-1775, 133, 732
-1761, 137, 745
-1760, 14, 746
-1805, -13, 920
-1805, -13, 920
-1807, 17, 864
-1752, 58, 740
-1656, 73, 682
-1611, 59, 600
-1586, 67, 577
-1516, 87, 576
-,-,-
-243, -109, -335
-199, -46, 45
-248, -66, 520
-503, -92, 141
-479, -16, 119
-433, 67, -17
-433, 67, -17
-547, 118, -21
-673, 127, 108
-747, 86, 201
-733, 1, 208
-741, -24, 146
-741, -24, 146
-943, 12, 356
-1107, 35, 537
-1177, -8, 656
-1170, -65, 733
-1307, -77, 697
-1534, -105, 721
-1602, -135, 803
-1605, -111, 791
-1677, -44, 701
-1789, 49, 648
-1814, 137, 655
-1814, 137, 655
-1764, 162, 622
-,-,-
-228, -130, -548
-384, 55, 148
-495, -40, 574
-604, -96, 61
-548, -13, 102
-548, 49, -20
-577, 19, 74
-577, 19, 74
-539, 5, 161
-612, 127, 125
-873, 230, 218
-1141, 199, 455
-1268, 131, 665
-1243, 4, 683
-1243, 4, 683
-1366, -41, 641
-1548, -79, 723
-1613, -134, 828
-1616, -139, 839
-1608, -132, 851
-1634, -85, 793
-1644, 2, 718
-1548, 14, 669
-1432, 23, 625
-,-,-
-399, -189, -40
-595, -134, 161
-598, -25, 461
-344, -53, 450
-245, -162, 52
-335, -140, 41
-335, -140, 41
-305, -132, 198
-279, -151, 37
-273, -110, 2
-390, -31, -18
-519, 30, 49
-621, 43, 63
-621, 43, 63
-681, 57, 105
-852, 120, 120
-1118, 139, 456
-1319, 78, 754
-1462, 50, 828
-1532, 73, 900
-1532, 73, 900
-1705, 113, 893
-1877, 91, 934
-1881, 54, 929
-1833, 30, 886
-1841, 31, 757
-1735, 29, 617
-,-,-
-377, -79, -107
-374, -58, 463
-534, -63, 448
-533, -104, 49
-523, -101, 80
-493, -34, 222
-510, -10, -32
-526, 9, 28
-526, 9, 28
-598, 47, 129
-738, 104, 232
-930, 104, 326
-968, 58, 320
-968, 58, 320
-978, -4, 316
-1161, 61, 611
-1440, 142, 883
-1562, 121, 901
-1615, 89, 772
-1668, 126, 746
-1720, 130, 833
-1767, 124, 794
-1767, 124, 794
-1737, 119, 690
-1630, 107, 574
-1594, 116, 601
-,-,-
-588, -25, 234
-551, -9, 234
-687, -69, 359
-599, -120, 192
-676, -88, -267
-682, -11, -3
-717, -53, 111
-699, -92, -139
-618, -108, 124
-618, -108, 124
-751, -78, 235
-948, -29, 172
-1113, 48, 232
-1250, 77, 494
-1359, -1, 633
-1453, -33, 582
-1601, 42, 438
-1710, 146, 479
-1957, 197, 587
-1957, 197, 587
-1960, 193, 591
-1897, 174, 514
-1777, 95, 466
-1713, 113, 503
-,-,-
-489, -101, -174
-362, -209, 27
-313, -200, 179
-570, -79, 284
-640, -20, 91
-579, 19, 121
-550, 12, 144
-543, -21, 61
-543, -21, 61
-546, -3, -108
-632, 21, -81
-791, 42, 133
-1049, 130, 224
-1151, 173, 329
-1420, 182, 510
-1608, 93, 636
-1608, 93, 636
-1614, 6, 648
-1704, 32, 751
-1869, 102, 725
-1874, 118, 751
-1794, 115, 753
-1705, 110, 583
-1675, 117, 601
-1608, 142, 536
-1469, 145, 517
-1370, 116, 567
-,-,-
-409, 20, -224
-409, 20, -224
-664, 49, 492
-903, 55, 430
-673, -29, 122
-320, -124, 192
-366, -227, 134
-398, -214, 66
-610, -95, 120
-733, 15, 68
-733, 15, 68
-808, 62, 177
-981, 73, 119
-1217, 119, 324
-1505, 215, 582
-1635, 264, 576
-1769, 312, 777
-1769, 312, 777
-1920, 340, 886
-1905, 263, 838
-1743, 166, 791
-1717, 143, 815
-1705, 171, 780
-1623, 122, 601
-1524, 68, 549
-1491, 47, 554
-,-,-
-403, -165, -269
-608, -68, -307
-437, 15, 371
-534, 6, 290
-661, -25, -80
-461, -23, 29
-461, -23, 29
-495, 10, 156
-585, 60, -54
-653, 62, 65
-808, 65, 214
-908, 71, 292
-908, 71, 292
-977, 34, 364
-1156, 56, 366
-1288, 98, 470
-1489, 102, 656
-1569, 69, 793
-1586, 68, 634
-1586, 68, 634
-1632, 83, 668
-1769, 113, 712
-1868, 183, 737
-1823, 217, 658
-1693, 176, 602
-1583, 135, 576
-1533, 103, 493
-1555, 84, 555
-,-,-
-266, -138, -308
-366, -70, 188
-516, -77, 379
-557, -38, -33
-576, 33, 101
-633, 11, 143
-643, -31, 59
-643, -31, 59
-688, -63, -6
-759, -36, 93
-836, -38, 290
-948, -122, 429
-1022, -104, 549
-1111, -33, 555
-1245, 22, 581
-1435, 75, 806
-1435, 75, 806
-1497, 49, 855
-1402, 16, 693
-1409, 83, 703
-1520, 159, 611
-1549, 184, 728
-1564, 174, 663
-1599, 206, 520
-1590, 219, 579
-1452, 154, 624
-1515, 91, 669
-,-,-
-557, -28, 241
-557, -28, 241
-446, -193, 298
-557, -207, 313
-520, -167, 357
-442, -186, 10
-355, -117, 2
-463, -58, 86
-545, -13, 42
-545, -13, 42
-561, 35, 124
-583, 122, -83
-783, 193, -50
-920, 190, 175
-1070, 198, 417
-1138, 237, 401
-1312, 190, 539
-1601, 175, 858
-1601, 175, 812
-1596, 120, 812
-1761, 16, 823
-1846, 28, 1025
-1972, -1, 1079
-1971, 0, 867
-1870, 18, 623
-,-,-
-414, -21, -187
-461, -16, 16
-385, -78, 565
-401, -149, 216
-360, -154, -66
-315, -130, 113
-315, -130, 113
-415, -81, 96
-507, -43, 120
-592, -26, 204
-724, 12, 56
-913, 114, 193
-1052, 120, 404
-1223, 70, 540
-1223, 70, 540
-1249, 53, 538
-1346, 113, 565
-1430, 155, 566
-1595, 155, 606
-1591, 154, 659
-1580, 89, 629
-1704, 101, 771
-1822, 152, 753
-1942, 175, 615
-1870, 157, 613
-,-,-
-311, -121, -383
-507, -62, 8
-469, -27, 624
-465, -74, 546
-514, -64, 128
-504, 0, 173
-532, 9, 191
-532, 9, 191
-571, -22, -38
-674, 16, 52
-690, 21, 141
-708, -23, 11
-708, -23, 11
-890, 16, 50
-1016, 60, 301
-1111, 14, 598
-1226, -25, 852
-1298, 13, 756
-1480, 50, 766
-1480, 50, 766
-1503, 64, 794
-1566, 101, 763
-1585, 107, 808
-1672, 118, 805
-1726, 128, 786
-1760, 138, 703
-1753, 131, 688
-1633, 115, 680
-,-,-
-371, -35, 316
-465, -89, 525
-404, -109, 300
-532, -50, 102
-532, -50, 102
-542, 1, 10
-458, -26, 92
-488, -23, 50
-590, 7, -12
-590, 7, -12
-688, 32, 77
-794, 59, 299
-997, 51, 384
-1080, 55, 415
-1147, 60, 491
-1147, 60, 491
-1347, 117, 557
-1509, 164, 591
-1704, 214, 732
-1757, 206, 724
-1802, 185, 793
-1779, 148, 770
-1718, 120, 668
-1648, 100, 613
-1488, 102, 580
-,-,-
-371, -55, 234
-371, -6, 234
-410, -87, 605
-526, -167, 150
-452, -128, -119
-436, -110, 84
-513, -67, -47
-582, -59, -39
-522, -63, 100
-522, -63, 100
-587, -40, 168
-721, -11, 83
-862, -21, 226
-1009, 10, 502
-1258, 17, 687
-1273, 39, 558
-1367, 35, 632
-1367, 35, 632
-1575, 76, 839
-1712, 118, 897
-1721, 114, 798
-1758, 109, 839
-1831, 71, 740
-1773, 4, 723
-,-,-
-468, -151, 131
-455, -149, -129
-374, -81, 191
-389, -143, 107
-453, -95, 55
-434, -27, 98
-434, -27, 98
-426, -36, -138
-449, -2, -35
-564, 34, 17
-642, 41, 121
-726, 56, 135
-726, 56, 135
-772, 37, 38
-798, 5, 156
-971, 22, 382
-1193, 15, 631
-1189, -59, 593
-1189, -59, 593
-1208, -69, 563
-1345, 55, 649
-1515, 118, 722
-1616, 114, 796
-1534, 83, 719
-1527, 82, 661
-1590, 108, 696
-1575, 120, 701
-1506, 96, 621
-1418, 77, 578
-1418, 77, 578
-,-,-
-326, -169, -187
-384, 14, 104
-135, -35, 396
-380, -133, 35
-378, -80, -30
-382, -41, 57
-382, -41, 57
-436, -9, -103
-453, 27, -28
-560, 15, 136
-765, -12, 265
-856, -59, 197
-856, -59, 197
-946, -17, 280
-1077, 71, 554
-1278, 78, 807
-1318, 10, 764
-1298, -30, 664
-1279, 2, 635
-1470, 80, 661
-1531, 84, 740
-1531, 84, 740
-1534, 42, 719
-1424, 2, 584
-1444, 12, 555
-1484, 20, 575
-1522, 4, 560
-1492, -37, 585
-,-,-
-339, -96, -114
-386, -24, 566
-375, -154, 418
-519, -154, 153
-469, -151, 37
-490, -76, -8
-490, -76, -8
-518, -7, -41
-557, 5, -32
-648, 56, 55
-771, 26, 164
-771, 26, 164
-801, -83, 99
-867, -114, 258
-968, -24, 448
-1169, 24, 551
-1214, 9, 561
-1328, 24, 624
-1416, 47, 724
-1416, 47, 724
-1407, 39, 657
-1313, 0, 627
-1319, 8, 656
-1383, 58, 693
-1414, 80, 742
-1373, 77, 650
-1373, 77, 650
-1364, 107, 561
-1354, 90, 642
-1331, 78, 666
-1286, 71, 690
-,-,-
-251, -73, -200
-442, -128, -76
-496, -16, 387
-468, -15, 481
-481, -54, 173
-452, -62, 75
-452, -62, 75
-343, -87, 24
-377, -91, 50
-454, -68, 160
-510, -48, 160
-611, -47, -23
-687, 0, 129
-687, 0, 129
-793, 0, 308
-997, -3, 313
-1121, 49, 392
-1224, 99, 657
-1224, 99, 657
-1395, 129, 839
-1498, 93, 836
-1586, 117, 705
-1666, 158, 667
-1706, 160, 785
-1742, 160, 803
-1797, 181, 759
-1760, 182, 639
-1654, 124, 505
-1597, 106, 597
-,-,-
-282, -25, -129
-579, -94, 147
-579, -94, 147
-483, -74, 279
-445, 37, 369
-477, -2, 163
-531, -43, 24
-507, -40, 7
-507, -40, 7
-548, -43, -6
-633, -25, 208
-743, -26, 174
-798, 16, 107
-900, 74, 247
-900, 74, 247
-1038, 102, 390
-1180, 97, 538
-1199, 50, 589
-1268, 35, 664
-1385, 26, 786
-1417, 7, 750
-1403, 0, 672
-1403, 0, 672
-1440, 26, 706
-1561, 96, 694
-1650, 135, 739
-1581, 110, 671
-1532, 97, 682
-1463, 88, 576
-1358, 60, 470
-1358, 60, 470
-1326, 50, 492
-,-,-
-443, -115, 94
-607, -89, 123
-450, -63, 440
-496, -105, 349
-496, -105, 349
-468, -152, 18
-471, -158, -13
-516, -122, 153
-540, -101, 122
-507, -61, 27
-641, 5, 79
-811, 2, 219
-811, 2, 219
-864, -64, 393
-847, -69, 385
-1009, 18, 460
-1179, 60, 553
-1336, 95, 632
-1380, 96, 685
-1380, 96, 685
-1458, 97, 659
-1463, 101, 620
-1457, 48, 513
-1524, 32, 635
-1595, 79, 705
-1652, 139, 675
-1654, 173, 690
-1596, 171, 692
-1504, 115, 630
-1504, 115, 630
-1436, 91, 575
-1570, 166, 505
-1586, 226, 566
-1503, 234, 696
-,-,-
-447, -54, 1
-502, 46, 299
-572, -37, 394
-468, -149, 1
-456, -105, 113
-456, -105, 113
-503, -58, 117
-495, -49, -116
-439, -83, -102
-501, -119, 122
-487, -138, 9
-631, -55, -42
-754, 21, 170
-927, 35, 288
-927, 35, 288
-997, 6, 463
-1108, 42, 576
-1277, 120, 602
-1425, 140, 596
-1556, 125, 704
-1552, 68, 739
-1572, 27, 810
-1572, 27, 810
-1704, 104, 876
-1792, 173, 861
-1796, 175, 887
-1676, 165, 767
-1584, 155, 655
-1531, 120, 719
-1451, 83, 667
-1394, 89, 568
-1379, 95, 588
-1375, 99, 676
-1375, 99, 676
-,-,-
-414, -181, -554
-410, -93, -2
-368, -90, 707
-573, -158, 245
-624, -112, 144
-508, -72, 125
-564, -48, 46
-561, -32, 47
-544, -39, 150
-544, -39, 150
-541, -22, 138
-678, 48, 124
-807, 57, 284
-850, 24, 442
-994, 51, 501
-994, 51, 501
-1089, 67, 546
-1199, 73, 638
-1361, 151, 723
-1535, 195, 760
-1588, 220, 693
-1632, 219, 659
-1678, 171, 702
-1654, 164, 689
-1390, 99, 708
-1457, 52, 653
-1457, 52, 653
-1529, 99, 467
-1611, 124, 519
-1643, 138, 643
-1447, 6, 687
-,-,-
-499, -158, -191
-349, -144, 56
-426, -68, 335
-461, -123, 99
-464, -155, 56
-373, -178, 90
-394, -153, -34
-453, -87, 36
-453, -87, 36
-516, -17, 164
-594, 12, 256
-669, 11, 155
-791, 15, 95
-791, 15, 95
-961, 65, 324
-1082, 17, 519
-1120, -122, 691
-1217, -146, 645
-1344, -80, 559
-1500, 25, 715
-1580, 40, 679
-1589, -13, 672
-1509, -44, 673
-1509, -44, 673
-1524, -46, 743
-1518, 7, 660
-1472, 70, 591
-1459, 76, 590
-1416, 71, 593
-1376, 0, 632
-1334, -88, 626
-,-,-
-545, -63, 204
-545, -63, 204
-461, -82, 211
-507, -151, 128
-414, -134, 198
-400, -87, 22
-385, -67, -17
-360, -71, 95
-344, -49, 54
-344, -49, 54
-451, 12, 24
-588, 69, 12
-675, 40, 67
-650, -24, 90
-650, -24, 90
-763, 18, 80
-1027, 83, 125
-1162, 83, 407
-1216, 15, 511
-1415, 16, 472
-1554, 37, 658
-1554, 37, 658
-1711, 66, 801
-1807, 79, 921
-1960, 68, 978
-1880, 60, 877
-1737, -9, 839
-1725, -10, 538
-1616, -12, 596
-1459, -5, 606
-,-,-
-472, -4, 336
-472, -4, 336
-257, -30, 211
-387, -147, -32
-331, -216, 87
-307, -201, 56
-323, -100, -139
-466, -23, 10
-534, 20, 106
-534, 20, 106
-660, 32, 247
-621, -6, 183
-739, -14, 93
-874, -3, 331
-874, -3, 331
-1011, -7, 565
-1039, -52, 593
-1174, -5, 498
-1302, 46, 690
-1376, -4, 699
-1426, -13, 599
-1455, 14, 599
-1555, 72, 672
-1555, 72, 672
-1649, 117, 774
-1632, 120, 840
-1675, 115, 816
-1614, 94, 775
-1496, 61, 747
-1327, 7, 696
-1355, -12, 623
-,-,-
-374, -79, -178
-375, 6, 675
-521, -42, 190
-521, -42, 190
-524, -142, -9
-434, -160, 61
-501, -70, 96
-613, -8, -63
-623, 28, -37
-583, -11, 3
-583, -11, 3
-570, -97, 17
-591, -133, 25
-640, -97, 184
-737, -37, 214
-876, -33, 366
-876, -33, 366
-926, -89, 445
-979, -131, 473
-1169, -28, 554
-1337, 63, 555
-1451, 101, 704
-1436, 44, 792
-1402, -53, 752
-1459, -14, 792
-1670, 88, 859
-1670, 88, 859
-1763, 99, 931
-1734, 62, 876
-1629, -4, 697
-1517, -44, 718
-,-,-
-482, -112, -92
-377, -102, 112
-377, -102, 112
-427, -127, 325
-486, -190, -100
-466, -176, 80
-450, -132, 196
-520, -47, -78
-563, -31, 0
-504, -12, 130
-596, -13, 55
-596, -13, 55
-662, -23, 50
-665, -10, 251
-723, 26, 337
-872, 47, 361
-1037, 69, 405
-1143, 95, 599
-1143, 95, 599
-1314, 60, 697
-1365, -10, 686
-1440, -40, 727
-1485, -3, 728
-1587, 35, 749
-1641, 53, 838
-1654, 26, 731
-1579, 28, 710
-1579, 28, 710
-1555, 66, 670
-1447, 98, 661
-1356, 109, 704
-,-,-
-393, -152, 47
-526, -223, 126
-560, -165, 438
-396, -160, 312
-392, -178, -107
-439, -135, -212
-419, -89, 57
-383, -73, -80
-383, -73, -80
-499, -16, -177
-622, -19, -115
-716, 10, 131
-794, 52, 228
-919, 114, 297
-1026, 82, 383
-1144, -8, 437
-1144, -8, 437
-1278, -15, 650
-1354, -23, 714
-1324, -63, 581
-1387, -22, 623
-1497, 63, 682
-1687, 110, 768
-1765, 104, 857
-1697, 59, 832
-1609, 42, 790
-1491, 57, 741
-1491, 57, 741
-1484, 97, 660
-1400, 81, 635
-,-,-
-440, -177, -160
-499, -164, 290
-379, -150, 420
-348, -191, -68
-426, -154, -2
-478, -149, 142
-453, -136, -19
-531, -94, -36
-569, -54, 82
-569, -54, 82
-591, -52, -33
-621, -72, 52
-604, -101, 119
-660, -70, 158
-827, 35, 140
-977, 35, 418
-977, 115, 418
-1141, 112, 423
-1255, 136, 450
-1374, 139, 529
-1474, 146, 644
-1494, 149, 707
-1611, 158, 764
-1661, 117, 827
-1675, 79, 834
-1696, 103, 831
-1671, 123, 740
-1671, 123, 740
-1663, 113, 679
-1643, 110, 604
-,-,-
-556, -92, -57
-300, -172, -19
-375, -218, 241
-581, -172, 186
-584, -103, -39
-570, -74, -94
-548, -62, 52
-548, -62, 52
-631, -74, 73
-693, -82, 81
-655, -88, 156
-715, -65, 190
-866, -21, 366
-989, 1, 401
-989, 1, 401
-993, -19, 485
-999, -53, 540
-1092, -26, 547
-1125, -41, 543
-1189, 11, 589
-1381, 87, 699
-1381, 87, 699
-1540, 129, 778
-1569, 120, 763
-1596, 106, 775
-1691, 121, 872
-1668, 126, 865
-1629, 116, 796
-1606, 81, 763
-1536, 44, 671
-,-,-
-397, -204, -150
-301, -155, -44
-342, -87, 371
-419, -164, 318
-497, -228, 69
-565, -176, 113
-540, -158, 188
-587, -158, -18
-645, -98, 12
-659, -44, 215
-719, -48, 242
-719, -48, 242
-783, -32, 253
-820, -77, 178
-828, -73, 319
-957, -23, 484
-1097, 12, 552
-1098, 7, 567
-1092, -15, 531
-1092, -15, 531
-1232, 0, 660
-1325, 15, 765
-1311, 2, 652
-1324, 21, 657
-1409, 81, 731
-1465, 110, 767
-1457, 128, 757
-1413, 128, 681
-1413, 128, 681
-1449, 156, 792
-1456, 155, 836
-1377, 101, 724
-1303, 55, 673
-,-,-
-396, -123, -142
-392, -76, 377
-451, -123, 556
-451, -123, 556
-573, -184, 148
-487, -137, 68
-455, -75, 97
-526, -120, -174
-582, -71, -85
-558, -34, 58
-720, -61, 63
-815, -76, 110
-815, -76, 110
-841, -44, 202
-1046, 23, 394
-1274, 73, 300
-1306, 43, 285
-1363, 59, 468
-1488, 94, 516
-1604, 45, 602
-1604, 45, 602
-1489, -21, 505
-1480, -45, 523
-1582, 6, 527
-1604, 45, 533
-1580, 45, 527
-1591, 73, 585
-1530, 81, 592
-1480, 56, 532
-1480, 56, 532
-1475, 30, 512
-1472, 5, 474
-1430, 1, 472
-1361, 33, 429
-,-,-
-442, -75, -418
-537, -21, 31
-271, -34, 439
-520, -83, 159
-525, -99, -20
-481, -106, 58
-524, -92, -55
-524, -92, -55
-614, -29, 46
-731, -5, 156
-778, -37, 192
-907, -24, 156
-1098, 32, 195
-1253, 71, 436
-1253, 71, 436
-1300, -16, 642
-1356, -69, 515
-1443, -36, 452
-1538, 16, 460
-1585, 31, 492
-1557, 2, 634
-1448, -57, 495
-1477, -49, 442
-1589, 49, 407
-1589, 49, 407
-1639, 97, 452
-1655, 83, 488
-1596, 38, 525
-1576, -8, 519
-1523, -23, 458
-1448, -35, 444
-1373, -6, 408
-,-,-
-440, 6, 28
-467, -7, 159
-274, -65, 192
-378, -157, -120
-378, -157, -120
-457, -84, 9
-588, 15, 43
-613, -5, 20
-664, -92, 107
-698, -134, 209
-729, -66, 292
-729, -66, 292
-907, -21, 332
-1122, 0, 388
-1241, 18, 496
-1276, -16, 533
-1337, -6, 532
-1346, -46, 636
-1464, -70, 619
-1507, -28, 583
-1522, 0, 535
-1522, 0, 535
-1596, 26, 609
-1644, 15, 588
-1641, 30, 525
-1641, 76, 460
-1644, 88, 562
-1562, 53, 578
-1562, 53, 578
-1489, -17, 466
-,-,-
-412, 23, 328
-412, 23, 328
-602, -32, 275
-435, -120, -35
-428, -147, 14
-500, -102, -212
-447, -68, -241
-476, -14, -81
-584, 28, 107
-653, 28, 171
-653, -43, 171
-650, -56, 94
-718, 33, 72
-909, 106, 275
-1131, 99, 410
-1227, 41, 523
-1227, 41, 523
-1325, 20, 563
-1398, 15, 510
-1599, 37, 627
-1678, 11, 652
-1652, -62, 559
-1679, -127, 535
-1628, -119, 526
-1638, -104, 492
-1621, 0, 508
-1611, 75, 526
-1611, 75, 526
-1564, 61, 537
-,-,-
-535, -106, -46
-271, -116, 397
-413, -160, 382
-481, -107, 68
-481, -107, 68
-474, -49, -55
-556, -4, -117
-552, 37, -36
-583, 51, 98
-798, 92, 127
-927, 74, 143
-927, 74, 143
-861, -5, 213
-921, -152, 327
-1026, -207, 503
-1082, -184, 534
-1146, -79, 537
-1441, 37, 465
-1574, 97, 546
-1521, 86, 507
-1470, 18, 467
-1470, 18, 467
-1497, -1, 497
-1648, 78, 566
-1718, 137, 606
-1703, 109, 635
-1631, 59, 575
-1551, 17, 572
-1426, -19, 510
-,-,-
-452, -120, -172
-552, -79, -120
-405, -55, 261
-615, -96, 285
-614, -75, 96
-509, -111, 111
-441, -149, 137
-500, -106, 1
-646, 0, -71
-646, 0, -71
-668, 76, 2
-663, 58, 59
-678, 54, 164
-678, 54, 164
-768, 51, 336
-806, 8, 361
-884, 24, 383
-1125, 77, 473
-1260, 87, 410
-1260, 87, 410
-1297, 76, 661
-1431, 39, 678
-1670, 91, 717
-1750, 136, 883
-1803, 90, 893
-1877, 70, 835
-1752, 35, 642
-1641, 6, 503
-1641, 6, 503
-1571, 31, 542
-,-,-
-422, -79, -214
-294, -126, 67
-654, -73, 327
-583, -42, 46
-405, -65, 26
-405, -65, 26
-444, -105, 26
-506, -33, -110
-564, 13, -43
-629, 32, 44
-613, 0, 75
-613, 0, 75
-650, -46, 147
-679, -80, 204
-799, -31, 192
-911, 2, 289
-911, 2, 289
-1081, 35, 412
-1155, 37, 455
-1310, 58, 479
-1481, 132, 604
-1562, 140, 654
-1610, 84, 710
-1685, 58, 685
-1787, 104, 711
-1787, 104, 711
-1735, 135, 642
-,-,-
-480, -107, -44
-328, -107, -255
-290, -29, 219
-387, -99, 306
-417, -151, -34
-357, -102, 42
-339, -92, 17
-339, -92, 17
-407, -77, -31
-404, -55, -52
-467, -47, -9
-612, -6, 102
-662, -9, 115
-662, -9, 78
-640, 14, 78
-765, 57, 217
-963, 92, 281
-1244, 53, 359
-1294, 49, 336
-1294, 49, 336
-1475, 113, 588
-1719, 177, 911
-1707, 152, 943
-1695, 98, 914
-1888, 78, 868
-1460, 166, 723
-1664, 5, 871
-1693, 55, 322
-1631, 65, 582
-1631, 65, 582
-,-,-
-352, -149, -345
-372, -79, 279
-372, -79, 279
-490, -52, 320
-525, -52, -67
-509, -27, 87
-546, -18, 187
-583, -26, 121
-641, 7, 133
-641, 7, 133
-686, 33, 116
-751, 37, 233
-900, 11, 374
-1046, 2, 315
-1231, 66, 276
-1231, 66, 276
-1483, 174, 726
-1605, 128, 850
-1613, 49, 810
-1630, 20, 807
-1613, -37, 796
-1704, -4, 707
-1384, 51, 560
-1467, 47, 583
-1467, 47, 583
-1421, 83, 447
-1399, 62, 588
-,-,-
-368, -105, 132
-623, -164, 362
-630, -135, -7
-630, -135, -7
-327, -86, 163
-464, -92, 106
-340, -110, 14
-291, -154, -192
-299, -69, -28
-359, -12, -88
-546, 50, -69
-644, 77, 17
-644, 77, 17
-706, 35, 58
-909, 60, 287
-1009, 53, 386
-1118, 84, 395
-1118, 84, 395
-1313, 148, 480
-1558, 157, 678
-1671, 162, 769
-1637, 97, 839
-1679, 23, 777
-1782, 74, 808
-1787, 139, 742
-1678, 139, 611
-1588, 150, 531
-1540, 170, 476
-1540, 170, 476
-1444, 110, 415
-1427, 46, 446
-,-,-
-601, -117, 131
-449, -78, 213
-516, -91, 277
-516, -91, 277
-583, -89, 105
-640, -61, -40
-656, -37, 83
-672, -28, 235
-652, -32, 78
-732, 20, 185
-732, 20, 185
-887, 102, 350
-1025, 121, 435
-1005, 19, 457
-974, -72, 428
-1046, 18, 465
-1203, 143, 509
-1367, 191, 597
-1479, 157, 659
-1479, 157, 659
-1473, 102, 615
-1411, 48, 442
-1500, 97, 557
-1602, 152, 559
-1644, 162, 603
-1627, 161, 612
-1567, 151, 533
-1571, 125, 566
-,-,-
-414, 22, 0
-378, 0, 67
-336, -99, 30
-336, -99, 30
-341, -114, 96
-460, 16, 123
-457, 92, -102
-525, 48, -153
-583, 62, 58
-733, 145, 267
-733, 145, 267
-828, 164, 377
-881, 42, 354
-905, -71, 254
-893, -19, 392
-1105, 108, 611
-1394, 180, 664
-1475, 139, 692
-1393, 51, 557
-1393, 51, 557
-1382, 35, 578
-1498, 64, 647
-1564, 76, 609
-1504, 77, 566
-1647, 169, 537
-1418, 148, 579
-1556, 126, 504
-1482, 147, 500
-1468, 133, 473
-1474, 280, 660
-,-,-
-416, 44, -189
-245, -2, 66
-437, -75, 314
-396, -119, 224
-332, -158, 72
-286, -135, 55
-286, -135, 55
-297, -130, 21
-430, -56, 76
-606, 56, 125
-665, 74, 136
-672, 53, 52
-672, 53, 52
-842, 78, 210
-1010, 72, 301
-1103, 82, 364
-1254, 158, 563
-1461, 181, 706
-1478, 53, 687
-1408, -66, 676
-1408, -66, 676
-1351, -79, 665
-1439, -7, 645
-1500, 64, 662
-1527, 113, 631
-1596, 181, 692
-1529, 180, 663
-1501, 148, 688
-1509, 139, 661
-1477, 108, 672
-1456, 61, 701
-1362, 55, 696
-,-,-
-527, -74, -178
-348, -91, 270
-392, -84, 480
-394, -165, 56
-361, -192, -74
-359, -137, 153
-404, -108, 80
-404, -108, 80
-413, -78, -69
-390, -30, -170
-421, 24, 37
-559, 78, 78
-718, 103, 81
-718, 103, 81
-784, 80, 194
-844, 72, 342
-977, 86, 374
-1143, 152, 430
-1355, 220, 553
-1419, 230, 617
-1543, 219, 647
-1543, 219, 647
-1616, 244, 789
-1651, 265, 796
-1636, 195, 746
-1642, 150, 676
-1537, 145, 632
-1453, 111, 572
-1304, 171, 574
-1405, 152, 586
-1238, 137, 535
-1206, 61, 548
-1191, 34, 560
-1245, 85, 599
-1245, 85, 599
-1305, 162, 715
-,-,-
-397, -56, -123
-397, -56, -123
-422, -119, 342
-311, -151, 434
-376, -106, 53
-489, -27, -57
-494, 43, -53
-546, 62, -63
-636, 114, 101
-781, 140, -5
-781, 140, -5
-852, 135, 101
-915, 104, 343
-1078, 85, 549
-1130, 51, 563
-1138, 19, 530
-1242, 83, 565
-1242, 83, 565
-1366, 111, 683
-1438, 136, 768
-1469, 153, 777
-1449, 149, 704
-1496, 154, 703
-1564, 210, 777
-1579, 266, 797
-1529, 250, 752
-1429, 190, 666
-1368, 139, 636
-1315, 106, 614
-,-,-
-556, -48, 114
-428, -53, 340
-418, -134, -218
-419, -84, -111
-422, -66, 30
-467, -3, -25
-424, 3, -67
-424, 3, -67
-439, -8, -35
-544, 40, -71
-631, 65, -5
-635, 36, 46
-635, 36, 46
-685, 21, 152
-812, 67, 220
-910, 72, 269
-1023, 45, 236
-1023, 45, 236
-1186, 55, 426
-1324, 94, 621
-1379, 110, 593
-1439, 117, 521
-1545, 114, 637
-1597, 113, 759
-1603, 110, 770
-1563, 112, 716
-1485, 100, 633
-1466, 103, 592
-1427, 112, 484
-1460, 118, 595
-1460, 118, 595
-,-,-
-493, -147, -234
-452, -128, -27
-587, -67, 373
-550, -1, 301
-550, -1, 301
-503, -51, 1
-403, -93, -22
-363, -90, 0
-328, -83, -70
-328, -83, -70
-379, -13, -9
-465, 41, -67
-539, 37, -20
-574, -8, 145
-591, -82, 180
-740, -55, 259
-740, -55, 259
-940, 76, 307
-1098, 159, 383
-1249, 146, 583
-1405, 98, 696
-1412, 67, 674
-1484, 85, 729
-1620, 135, 849
-1697, 175, 893
-1697, 175, 893
-1680, 201, 808
-1709, 222, 780
-1686, 192, 762
-1685, 176, 711
-1585, 133, 643
-,-,-
-315, -192, -132
-188, -122, 158
-519, -126, 313
-421, -122, 93
-496, -128, 167
-496, -128, 167
-490, -95, 49
-544, -5, -106
-593, 58, -44
-710, 75, 120
-801, 67, 241
-810, 13, 280
-810, 13, 280
-822, -38, 136
-940, 26, 233
-1131, 85, 493
-1321, 113, 654
-1329, 17, 511
-1215, -119, 561
-1236, -103, 576
-1402, 41, 635
-1402, 41, 635
-1467, 96, 715
-1468, 115, 677
-1439, 108, 658
-1444, 128, 666
-1440, 166, 653
-1483, 217, 643
-1461, 227, 643
-1399, 174, 686
-,-,-
-636, -47, 198
-636, -47, 198
-599, -91, 339
-526, -205, -29
-392, -176, 59
-345, -83, 267
-431, -56, 20
-351, -109, -99
-330, -83, -16
-460, 2, -61
-460, 2, -61
-587, 76, -37
-646, 63, -15
-700, 21, 61
-741, 13, 221
-741, 13, 221
-774, 20, 227
-982, 91, 369
-1277, 155, 499
-1376, 88, 695
-1366, 90, 745
-1525, 211, 779
-1525, 211, 779
-1682, 235, 858
-1761, 202, 851
-1722, 166, 840
-1678, 170, 674
-1655, 203, 569
-1524, 194, 528
-1427, 193, 502
-1428, 184, 489
-1394, 146, 510
-1347, 83, 524
-1317, 104, 520
-,-,-
-445, -4, -310
-552, 45, 54
-332, 29, 494
-505, -9, 316
-505, -9, 316
-485, -38, 20
-446, -28, 23
-433, -63, 44
-481, -106, 112
-552, -115, 55
-552, -115, 55
-570, -102, 16
-704, -87, 115
-978, -14, 220
-1130, 26, 369
-1227, 4, 499
-1414, 59, 689
-1646, 117, 659
-1748, 100, 667
-1748, 100, 667
-1709, 76, 700
-1735, 73, 712
-1680, 42, 685
-1633, 12, 601
-1597, 36, 561
-1545, 30, 588
-1498, 2, 601
-1498, 2, 601
-1403, -20, 534
-1282, -83, 475
-1256, -66, 532
-1323, 37, 634
-,-,-
-461, -130, -408
-423, -68, -161
-415, 0, 701
-675, -8, 57
-675, -8, 57
-726, -36, -202
-647, -25, 141
-716, -36, 20
-799, -45, 98
-702, -126, 187
-603, -218, 169
-664, -156, 146
-664, -156, 146
-832, -64, 372
-950, -31, 534
-1057, -8, 492
-1224, 56, 431
-1389, 125, 538
-1504, 132, 685
-1518, 36, 657
-1520, -59, 584
-1568, -35, 638
-1715, 63, 711
-1715, 63, 711
-1684, 45, 637
-1562, -1, 600
-1557, 9, 590
-1510, 43, 643
-1451, 41, 635
-1360, 30, 521
-1360, 30, 521
-1311, 12, 531
-1261, -7, 562
-1248, -35, 440
-,-,-
-388, -133, -230
-458, -44, -2
-631, 48, 199
-569, 5, 46
-569, 5, 46
-548, -11, -84
-494, -33, 14
-521, -38, -98
-619, -9, -104
-633, -25, 16
-633, -25, 16
-634, -60, 144
-604, -134, 156
-691, -126, 206
-836, -101, 412
-947, -77, 495
-1143, 13, 437
-1355, 145, 465
-1464, 101, 562
-1515, 45, 707
-1515, 45, 707
-1548, 31, 590
-1639, 73, 513
-1689, 116, 653
-1664, 104, 591
-1632, 89, 566
-1528, 80, 482
-1494, 83, 511
-1477, 77, 473
-1477, 77, 473
-1398, 31, 478
-1357, 22, 523
-,-,-
-611, 28, -12
-611, 28, -12
-504, 14, 316
-522, -65, 358
-581, -99, 12
-530, -113, 12
-593, -122, 197
-649, -111, 81
-649, -111, 81
-664, -101, -87
-755, -42, -10
-948, 42, 169
-1089, 61, 406
-1090, -46, 436
-1192, -91, 480
-1363, 0, 580
-1506, 77, 662
-1506, 77, 662
-1430, 14, 533
-1374, -68, 553
-1386, -72, 580
-1431, -49, 542
-1377, -41, 567
-1320, -21, 499
-1380, 61, 514
-1426, 118, 575
-1350, 97, 531
-1270, 53, 517
-1270, 53, 517
-1289, 35, 581
-1352, 25, 627
-1438, 54, 551
-1383, 164, 469
-,-,-
-440, -101, -26
-466, -11, 304
-466, -11, 304
-507, -65, 307
-510, -134, 60
-473, -85, 56
-553, -79, 33
-596, -31, -102
-695, 0, -32
-695, 0, -32
-660, -39, 116
-618, -52, 95
-762, -8, 16
-910, 0, 128
-910, 0, 128
-976, -27, 327
-1035, 0, 332
-1152, 76, 370
-1325, 100, 455
-1436, 120, 618
-1474, 140, 703
-1491, 112, 661
-1498, 115, 645
-1556, 165, 649
-1556, 165, 649
-1599, 202, 584
-1598, 191, 625
-1531, 201, 612
-1519, 193, 568
-1434, 143, 483
-1429, 122, 443
-,-,-
-409, -110, -312
-463, -7, -96
-550, -2, 615
-846, -58, 147
-678, -18, -105
-616, -49, 151
-658, -49, 10
-671, -63, 71
-671, -63, 71
-713, -92, 55
-774, -71, 139
-820, 6, 341
-960, 38, 441
-1100, 48, 479
-1100, 48, 479
-1210, 58, 464
-1340, 101, 578
-1463, 178, 632
-1566, 200, 700
-1614, 179, 765
-1622, 175, 730
-1759, 200, 805
-1507, 211, 541
-1543, 156, 733
-1506, 156, 587
-1408, 94, 565
-1408, 94, 565
-1314, 52, 519
-1270, 56, 493
-,-,-
-244, -131, -393
-204, -123, -238
-352, -90, 463
-403, -77, 135
-430, -40, -101
-460, -4, -49
-487, 38, -38
-532, 88, -8
-632, 106, 38
-632, 106, 38
-708, 91, 131
-666, 38, 66
-821, 67, 299
-1038, 114, 376
-1226, 64, 439
-1226, 64, 439
-1280, 15, 597
-1408, 45, 758
-1507, 40, 770
-1551, 58, 779
-1623, 112, 780
-1676, 118, 787
-1625, 90, 722
-1575, 113, 647
-1533, 141, 576
-1533, 141, 576
-1429, 145, 563
-1383, 147, 544
-1386, 114, 524
-1350, 88, 535
-1332, 57, 558
-,-,-
-313, -148, -105
-324, -85, 56
-456, -74, 3
-500, 15, 20
-500, 15, 20
-492, 48, -106
-555, 39, -30
-591, 45, 140
-667, 42, 98
-667, 42, 98
-726, 41, 162
-889, 67, 378
-1018, 69, 505
-1159, 50, 457
-1214, 48, 499
-1214, 48, 499
-1389, 146, 721
-1593, 191, 776
-1660, 159, 756
-1587, 72, 725
-1595, 43, 715
-1620, 89, 695
-1561, 129, 615
-1527, 169, 521
-1504, 201, 552
-1479, 198, 618
-1350, 153, 570
-1350, 153, 570
-1284, 114, 549
-1316, 128, 555
-1375, 154, 571
-1271, 145, 545
-,-,-
-444, -13, -214
-483, -7, 269
-666, 44, 191
-807, 127, -2
-807, 127, -2
-744, 67, 65
-670, -43, 309
-623, -156, 88
-810, -91, 215
-1032, 68, 504
-1032, 68, 504
-1185, 156, 699
-1305, 193, 763
-1418, 147, 780
-1490, 170, 884
-1486, 145, 811
-1570, 287, 812
-1351, 165, 449
-1285, 22, 581
-1512, 79, 754
-1577, 47, 393
-1337, -8, 598
-1337, -8, 598
-1366, -17, 462
-1401, -11, 514
-1362, -20, 597
-,-,-
-567, -17, 167
-567, -17, 167
-523, 2, 442
-580, -2, -51
-621, 38, -192
-571, 42, 90
-571, 42, 90
-533, -29, 4
-541, -79, 59
-543, -109, 81
-586, -59, 141
-705, 31, 216
-705, 31, 216
-849, 100, 243
-1032, 117, 163
-1116, 74, 264
-1222, 67, 440
-1383, 144, 589
-1493, 148, 590
-1631, 125, 733
-1660, 88, 820
-1638, 50, 799
-1638, 50, 799
-1689, 56, 770
-1736, 98, 761
-1721, 95, 699
-1622, 56, 610
-1556, 17, 572
-1473, 7, 603
-1473, 7, 603
-,-,-
-284, -104, -246
-375, -62, 36
-504, 11, 300
-610, 76, 247
-537, 62, -26
-575, 43, 32
-575, 43, 32
-627, 8, 49
-721, 54, 54
-762, 109, 294
-762, 109, 294
-721, 77, 224
-902, 52, 214
-973, 48, 417
-1104, 49, 448
-1293, 107, 480
-1449, 139, 568
-1549, 61, 614
-1549, 61, 614
-1554, 20, 690
-1583, 3, 720
-1677, 60, 633
-1713, 81, 634
-1659, 49, 567
-1592, 40, 490
-1494, 85, 494
-,-,-
-781, -10, 170
-781, -10, 170
-548, -95, 158
-506, -131, -80
-657, -19, 119
-560, -74, 130
-586, -77, -256
-548, -50, -81
-504, -53, 153
-503, -86, 82
-503, -86, 82
-471, -123, -10
-606, -17, 55
-754, 103, 174
-943, 118, 166
-1109, 167, 352
-1161, 141, 455
-1321, 115, 417
-1414, 83, 542
-1414, 83, 542
-1489, 78, 737
-1572, 65, 774
-1528, 11, 797
-1430, -35, 636
-1453, 9, 658
-1502, 95, 692
-1506, 132, 599
-1451, 125, 559
-1451, 125, 559
-1408, 120, 563
-1381, 100, 596
-1396, 52, 632
-,-,-
-522, -59, -92
-583, -28, 105
-650, -66, 63
-650, -66, 63
-560, -73, 158
-568, -94, 187
-566, -117, 31
-539, -94, -88
-470, -63, 38
-581, -28, 89
-581, -28, 89
-731, 6, 93
-779, -4, 214
-795, -42, 175
-929, 18, 181
-1123, 106, 458
-1123, 106, 458
-1300, 90, 585
-1417, 87, 564
-1397, 79, 563
-1527, 124, 639
-1611, 150, 693
-1725, 136, 652
-1621, 132, 628
-1622, 151, 727
-1596, 124, 666
-1405, 65, 510
-1367, -11, 498
-,-,-
-425, -162, 183
-546, -126, 27
-601, -94, -38
-593, -53, 187
-496, -8, 81
-628, 36, -78
-628, 36, -78
-581, 23, -80
-461, 7, -60
-553, 12, 95
-632, 36, 52
-632, 36, 52
-720, 70, 132
-763, 25, 189
-770, -3, 253
-916, 49, 337
-916, 49, 337
-1195, 139, 471
-1556, 213, 579
-1562, 171, 580
-1650, 152, 813
-1684, 140, 876
-1731, 83, 777
-1642, 47, 674
-1529, 67, 485
-1426, 80, 404
-1426, 80, 404
-1328, 80, 425
-1298, 108, 430
-1260, 100, 439
-1216, 74, 452
-1282, 12, 435
-1349, 24, 606
-,-,-
-393, -184, 82
-393, -184, 82
-552, -130, 66
-570, -84, 127
-455, -54, 110
-437, -47, -31
-448, -67, -14
-549, 20, 113
-522, 29, -61
-522, 29, -61
-560, 23, -28
-642, 70, 32
-772, 131, 151
-903, 92, 267
-1002, 44, 315
-1002, 44, 315
-1090, -12, 451
-1187, -24, 566
-1358, -35, 587
-1346, -26, 587
-1386, -5, 672
-1517, 69, 777
-1560, 119, 743
-1560, 123, 677
-1596, 135, 696
-1639, 140, 683
-1647, 113, 694
-1647, 113, 694
-1618, 104, 597
-,-,-
-306, -94, -300
-292, 71, 16
-445, 33, 328
-532, -13, 107
-528, 15, 112
-505, -1, 63
-505, -1, 63
-475, -58, -65
-554, -12, 14
-713, 30, 210
-858, 26, 427
-954, 19, 437
-954, 19, 437
-1081, 35, 331
-1250, 50, 465
-1344, 25, 750
-1381, -7, 811
-1441, 16, 784
-1507, 67, 722
-1507, 67, 722
-1584, 85, 728
-1606, 107, 773
-1598, 50, 781
-1520, 17, 799
-1526, 23, 773
-1548, 66, 687
-1474, 82, 633
-1394, 102, 626
-1394, 102, 626
-,-,-
-447, -51, 438
-447, -51, 438
-226, -176, 247
-416, -161, -112
-481, -113, 113
-427, -146, 106
-288, -178, -33
-346, -132, -81
-302, -75, -4
-381, -61, -23
-487, 14, -28
-530, 40, 34
-530, 40, 34
-720, 84, 144
-863, 124, 322
-883, -26, 371
-1000, -13, 592
-1199, 109, 698
-1425, 144, 541
-1425, 144, 541
-1515, 146, 658
-1548, 89, 890
-1648, 73, 797
-1776, 99, 863
-1823, 96, 881
-1815, 113, 759
-1756, 121, 615
-1634, 108, 508
-1513, 60, 550
-,-,-
-443, -24, 128
-443, -24, -7
-547, -54, -7
-452, -86, 146
-468, -109, 178
-432, -71, -53
-456, -23, -86
-547, 53, 71
-547, 53, 71
-604, 42, 59
-641, -22, 70
-670, -60, 219
-790, -44, 386
-1067, 64, 504
-1067, 64, 504
-1231, 96, 592
-1255, 90, 686
-1345, 90, 808
-1487, 91, 886
-1458, 0, 878
-1470, -28, 789
-1522, -10, 766
-1497, -12, 746
-1410, -21, 722
-1410, -21, 722
-1321, -39, 585
-1356, 8, 491
-1362, 41, 601
-1324, 21, 538
-1300, -36, 660
-1251, -58, 756
-,-,-
-422, -35, 102
-590, -61, 32
-590, -61, 32
-758, -3, 104
-580, -2, 154
-463, -100, 75
-438, -115, 137
-406, -152, 111
-481, -116, 110
-585, -22, 104
-585, -22, 104
-651, -5, 140
-651, -93, 214
-707, -130, 198
-958, -43, 284
-1148, 39, 550
-1286, 87, 657
-1496, 232, 627
-1724, 292, 657
-1724, 292, 657
-1722, 284, 850
-1784, 226, 753
-1670, 149, 698
-1583, 82, 698
-1478, 53, 623
-1458, 77, 552
-1440, 58, 580
-1438, 62, 518
-1526, 87, 510
-1526, 87, 510
-,-,-
-578, 62, 35
-448, 64, 206
-585, -16, -10
-585, -16, -10
-521, -62, 98
-522, -41, 9
-643, -4, -25
-749, -15, 43
-828, -15, 112
-828, -15, 112
-813, -69, 177
-854, -137, 291
-989, -111, 452
-1226, 19, 358
-1414, 106, 364
-1464, 122, 481
-1441, 90, 398
-1452, 77, 371
-1484, 76, 434
-1508, 111, 451
-1508, 111, 451
-1481, 137, 453
-1508, 135, 416
-1513, 127, 490
-1476, 81, 482
-1418, 53, 462
-1446, 60, 564
-1435, 59, 539
-1446, 69, 559
-,-,-
-590, -50, 91
-590, -50, 91
-477, 1, 213
-649, -31, 107
-591, -18, 93
-524, -17, 28
-524, -17, 28
-518, -17, 66
-677, -31, -25
-684, -39, 113
-735, -85, 317
-767, -75, 344
-902, -36, 396
-1109, 42, 463
-1109, 42, 463
-1249, 51, 586
-1278, 16, 635
-1314, 25, 687
-1478, 73, 672
-1509, 89, 630
-1576, 113, 625
-1700, 209, 657
-1712, 203, 652
-1712, 203, 652
-1645, 120, 660
-1562, 91, 591
-1508, 98, 543
-1442, 98, 523
-,-,-
-413, -24, 137
-413, -24, 137
-457, 18, 434
-481, -30, -65
-484, -11, -196
-600, 101, -37
-758, 146, -82
-840, 73, 87
-840, 73, 87
-823, 9, 185
-914, 8, 300
-967, 7, 346
-967, 7, 346
-1023, -3, 392
-1106, -16, 492
-1197, 0, 485
-1203, 46, 554
-1255, 71, 637
-1334, 99, 663
-1371, 74, 644
-1371, 74, 644
-1389, 37, 595
-1449, 32, 594
-1512, 54, 650
-1520, 53, 674
-1498, 61, 536
-1386, 40, 495
-1349, 19, 454
-1349, 19, 454
-1381, 56, 437
-,-,-
-395, -140, -243
-180, -81, 504
-570, -78, 472
-570, -78, 472
-655, -21, 192
-716, 25, 58
-811, -7, 69
-799, -34, 243
-774, -70, 438
-916, -27, 366
-916, -27, 366
-1044, 73, 383
-1107, 87, 444
-1243, 38, 474
-1284, -2, 407
-1078, -91, 394
-1046, -155, 502
-1206, -82, 504
-1332, 43, 523
-1499, 118, 465
-1499, 118, 465
-1611, 157, 602
-1569, 139, 713
-1438, 90, 645
-1437, 115, 588
-1444, 123, 606
-1402, 102, 638
-1386, 111, 588
-1355, 110, 524
-,-,-
-399, -82, -217
-392, -110, 74
-294, -37, 455
-421, -58, 158
-421, -58, 158
-462, -58, -98
-458, -56, -61
-457, -37, 134
-571, 27, 235
-536, 22, 106
-608, 28, 153
-608, 28, 153
-701, 51, 215
-867, 19, 297
-929, -8, 361
-1057, 1, 314
-1219, 43, 557
-1219, 43, 557
-1450, 81, 792
-1614, 83, 823
-1684, 67, 794
-1774, 66, 902
-1774, 21, 903
-1740, -17, 846
-1656, -16, 684
-1587, 35, 597
-1587, 35, 597
-1447, 53, 614
-1293, 5, 542
-1276, -22, 498
-1366, 5, 530
-,-,-
-476, -71, -154
-244, -4, 250
-490, -52, 187
-561, -6, -93
-561, -6, -93
-543, 53, 55
-485, -8, -42
-462, -27, -179
-521, 29, -6
-715, 50, 96
-715, 50, 96
-764, 3, 159
-726, -54, 264
-756, -93, 352
-1046, 5, 440
-1046, 5, 440
-1301, 85, 652
-1354, 38, 618
-1371, -29, 607
-1448, -32, 701
-1501, -13, 697
-1561, 39, 769
-1560, 31, 706
-1587, 30, 712
-1587, 30, 712
-1582, 45, 715
-1570, 63, 621
-1508, 52, 593
-1454, 17, 572
-1470, 4, 642
-,-,-
-435, -89, 98
-258, -67, -91
-258, -67, -91
-344, -89, 41
-371, -100, 104
-333, -101, 49
-415, -12, -10
-488, 119, 58
-576, 160, 94
-576, 160, 94
-702, 169, 115
-798, 168, 159
-891, 113, 328
-963, 70, 421
-1067, 58, 564
-1205, 60, 602
-1205, 60, 602
-1315, 72, 588
-1372, 46, 677
-1434, 56, 701
-1451, 84, 626
-1483, 108, 633
-1532, 113, 649
-1525, 137, 604
-1517, 145, 608
-1486, 134, 600
-1433, 95, 594
-1433, 95, 594
-1329, 28, 529
-,-,-
-596, -110, -50
-405, -80, 163
-343, -113, 217
-343, -113, 217
-520, -110, -35
-483, -15, 55
-446, -47, 93
-423, -74, 69
-478, 4, 20
-475, 78, 19
-475, 78, 19
-594, 112, 103
-735, 127, 42
-838, 124, 60
-820, 81, 203
-820, 81, 203
-801, -52, 310
-828, -176, 299
-910, -125, 328
-1141, 11, 427
-1308, 46, 568
-1288, 32, 581
-1295, 53, 574
-1549, 39, 704
-1549, 39, 704
-1652, 53, 719
-1664, 63, 609
-1776, 87, 672
-,-,-
-580, -30, 117
-441, -56, 393
-441, -56, 393
-462, -65, 114
-444, -25, 89
-429, 2, 45
-513, 72, 13
-513, 72, 13
-490, 102, -72
-577, 86, -73
-539, 81, 35
-560, 61, 100
-670, 55, 200
-670, 55, 200
-713, 31, 214
-846, 33, 229
-1008, 65, 382
-1234, 94, 613
-1342, 92, 675
-1342, 92, 670
-1446, 64, 670
-1567, 91, 766
-1689, 111, 788
-1722, 88, 761
-1747, 94, 727
-,-,-
-635, -81, 163
-635, -81, 163
-478, -144, 0
-370, -159, -15
-470, -138, 27
-470, -38, 138
-411, -32, 77
-434, -1, -91
-436, 55, -98
-436, 55, -98
-475, 94, -26
-475, 73, 51
-585, 58, 125
-668, 30, 200
-668, 30, 200
-779, 4, 346
-997, 43, 493
-1179, 64, 533
-1328, 58, 719
-1540, 121, 846
-1652, 144, 765
-1652, 144, 765
-1798, 106, 705
-1839, 119, 751
-1864, 156, 694
-1806, 97, 574
-1692, 62, 557
-1540, 38, 535
-,-,-
-321, 22, 187
-399, -25, 309
-442, 17, -21
-377, -50, -19
-381, -108, 0
-455, -67, 105
-455, -67, 105
-414, -99, 52
-396, -132, 58
-536, -57, 52
-675, 52, 133
-756, 60, 318
-756, 60, 364
-875, 111, 364
-1031, 173, 346
-1201, 177, 451
-1310, 140, 600
-1513, 141, 734
-1575, 132, 759
-1600, 49, 775
-1664, -19, 844
-1812, 49, 917
-1863, 114, 901
-1860, 135, 826
-1860, 135, 826
-1731, 112, 623
-1639, 108, 529
-,-,-
-215, 17, 44
-491, -59, 125
-491, -59, 125
-667, -41, -67
-548, 2, 44
-583, 13, 123
-622, -34, 135
-648, -59, 203
-648, -59, 203
-692, -18, 339
-876, 24, 399
-996, 45, 392
-1061, 17, 573
-1230, 37, 640
-1391, 35, 674
-1391, 35, 674
-1442, 61, 767
-1537, 120, 765
-1684, 169, 772
-1749, 193, 791
-1769, 211, 708
-1818, 251, 704
-1732, 177, 699
-1636, 130, 572
-1537, 86, 555
-1469, 81, 599
-1440, 122, 587
-,-,-
-175, 0, 23
-585, 14, 468
-585, 14, 468
-613, -26, 31
-679, 39, 40
-607, 28, 261
-763, -48, 174
-763, -48, 174
-736, -132, 225
-729, -206, 413
-709, -236, 345
-836, -168, 436
-1090, -25, 644
-1286, 55, 561
-1430, 85, 545
-1603, 164, 634
-1701, 194, 741
-1782, 75, 695
-1772, 47, 617
-1772, 47, 617
-1798, 122, 724
-1778, 157, 563
-1685, 170, 478
-1614, 140, 558
-,-,-
-391, -28, 12
-444, -108, -66
-479, -19, 210
-517, -19, 171
-532, -31, 29
-532, -31, 29
-563, -7, 1
-480, -25, -15
-596, -26, 167
-545, -19, 271
-594, -29, 133
-721, 3, 179
-721, 3, 179
-795, 8, 303
-864, -50, 392
-1057, -23, 478
-1112, 44, 522
-1287, 97, 656
-1287, 97, 656
-1444, 109, 647
-1680, 108, 756
-1736, 81, 761
-1754, 47, 729
-1847, -4, 768
-1846, -26, 733
-1743, -14, 559
-,-,-
-165, -78, 195
-312, -125, 131
-535, -23, -55
-535, -23, -55
-323, -19, 68
-332, -50, -1
-489, -3, -28
-468, 29, -36
-539, 29, 154
-539, 29, 154
-649, 27, 132
-683, 58, 35
-754, 86, 261
-964, 100, 482
-1109, 48, 496
-1109, 48, 496
-1194, 14, 521
-1391, 39, 605
-1559, 24, 703
-1576, -30, 842
-1529, -50, 689
-1655, -3, 703
-1730, 19, 725
-1721, 39, 613
-1680, 69, 505
-1680, 69, 505
-1677, 94, 503
-1617, 66, 517
-,-,-
-198, -128, -280
-340, 39, 321
-348, 0, 356
-368, -17, -57
-368, -17, -57
-372, -26, 9
-405, 32, 119
-601, 119, -32
-709, 152, 48
-757, 64, 290
-757, 64, 290
-835, 25, 358
-1024, 64, 310
-1185, 85, 442
-1312, 140, 647
-1371, 132, 712
-1415, 36, 746
-1366, -11, 687
-1366, -11, 687
-1395, -48, 635
-1817, 135, 692
-1438, 212, 589
-1621, 44, 752
-1834, 83, 571
-1755, 118, 573
-1635, 51, 683
-,-,-
-398, -78, -311
-335, -46, 70
-437, -60, 411
-280, -107, 165
-338, -141, -97
-375, -78, -68
-437, -3, -99
-437, -3, -99
-528, 52, 40
-704, 131, 136
-749, 101, 229
-773, 43, 267
-884, 22, 284
-884, 22, 284
-1038, 27, 385
-1133, 26, 487
-1233, 7, 479
-1356, 54, 500
-1560, 129, 610
-1621, 116, 610
-1567, 55, 544
-1668, 54, 695
-1668, 54, 695
-1710, 89, 597
-1669, 123, 513
-1675, 156, 506
-1639, 149, 464
-1590, 132, 474
-1565, 117, 509
-1426, 47, 474
-,-,-
-419, -24, -186
-263, 38, 221
-342, -80, 313
-567, -48, 141
-387, 43, 21
-516, 68, 14
-516, 68, 14
-607, 40, -29
-675, 2, -19
-708, -22, 265
-789, -65, 307
-919, -80, 341
-919, -80, 341
-986, -59, 431
-1126, -38, 454
-1210, -28, 426
-1371, 10, 568
-1373, 0, 633
-1418, -29, 600
-1479, -22, 668
-1509, -2, 623
-1524, 35, 516
-1524, 35, 516
-1524, 62, 558
-1520, 72, 537
-1588, 97, 555
-1566, 93, 575
-1506, 89, 538
-,-,-
-466, -30, 150
-466, -30, 150
-554, -43, 554
-489, -48, 269
-442, -58, 74
-508, -52, 27
-586, -42, 0
-586, -42, 0
-639, -19, 106
-726, 81, 199
-908, 146, 198
-993, 104, 250
-1023, 63, 268
-1167, 75, 469
-1167, 75, 469
-1312, 13, 499
-1323, -43, 519
-1290, -28, 591
-1460, 66, 491
-1580, 113, 526
-1453, 47, 482
-1444, 22, 594
-1648, 121, 731
-1389, 96, 616
-1389, 96, 616
-1504, 8, 711
-1420, 56, 550
-,-,-
-430, -71, 98
-430, -71, 98
-445, -7, 243
-342, -66, -6
-204, -174, 128
-218, -175, 139
-234, -118, -53
-329, -43, -88
-418, 7, 137
-418, 7, 137
-500, 34, 133
-640, 105, 132
-863, 170, 268
-1031, 124, 264
-1139, 64, 393
-1139, 64, 393
-1206, 34, 569
-1378, 80, 698
-1566, 104, 739
-1603, 68, 778
-1644, 31, 713
-1625, 15, 709
-1624, -13, 727
-1574, -28, 620
-1485, 18, 538
-1485, 18, 538
-1478, 14, 612
-1496, 66, 471
-1409, 25, 536
-1365, -51, 523
-,-,-
-285, -56, -227
-229, -77, 255
-523, -39, 235
-530, -4, 30
-480, -12, 144
-480, -12, 144
-545, -15, 143
-638, 16, 38
-756, 137, 222
-884, 184, 309
-915, 93, 363
-945, -19, 441
-945, -19, 441
-1009, -43, 447
-1071, -19, 532
-1177, 20, 582
-1345, 28, 608
-1450, 14, 660
-1461, -19, 702
-1396, -53, 743
-1530, -5, 734
-1621, 46, 754
-1621, 46, 754
-1562, 68, 673
-1486, 62, 611
-1410, 56, 628
-1329, 60, 611
-1306, 108, 612
-1307, 110, 585
-1300, 89, 571
-1301, 74, 521
-1301, 74, 521
-,-,-
-495, -48, 55
-352, -59, 282
-414, -82, 141
-414, -82, 141
-522, -9, 246
-550, 8, 61
-590, 1, -64
-575, 57, 71
-575, 57, 71
-710, 148, 218
-687, 92, 268
-734, -97, 365
-832, -177, 392
-946, -122, 388
-1134, 17, 460
-1366, 71, 531
-1366, 71, 531
-1452, 39, 532
-1409, -10, 510
-1552, -18, 531
-1669, 68, 653
-1709, 158, 643
-1620, 157, 660
-1539, 115, 668
-1411, 72, 710
-1266, 47, 644
-1266, 47, 644
-1174, 26, 542
-,-,-
-512, -157, 64
-404, -76, 65
-475, -13, 183
-475, -13, 183
-430, -13, 194
-346, -102, -10
-267, -149, 4
-273, -89, 98
-217, -86, -138
-294, -74, -145
-375, 9, -28
-375, 9, -28
-493, 114, 14
-610, 148, -58
-712, 126, 12
-904, 136, 242
-1052, 81, 236
-1052, 81, 236
-1192, 7, 332
-1315, 15, 592
-1426, 43, 787
-1474, 74, 775
-1506, 44, 821
-1615, 66, 868
-1646, 77, 859
-1646, 77, 859
-1696, 97, 798
-1662, 111, 670
-1610, 73, 703
-,-,-
-362, -19, 17
-474, -28, 248
-474, -28, 248
-419, -32, 572
-277, -120, 310
-427, -117, 105
-358, -123, -103
-344, -126, -50
-420, -57, 106
-521, 9, 185
-674, 6, 92
-674, 6, 92
-850, -27, 162
-962, -27, 204
-1056, 78, 436
-1359, 158, 713
-1474, 95, 806
-1510, -16, 787
-1538, -53, 785
-1538, -53, 785
-1700, 36, 850
-1722, 75, 809
-1630, 16, 719
-1535, -29, 644
-1327, -87, 582
-,-,-
-142, -98, -336
-142, -98, -336
-238, -34, -287
-339, 65, 139
-322, 33, 294
-291, -69, 173
-238, -104, 224
-257, -88, 135
-386, -27, 21
-386, -27, 21
-465, 40, 80
-560, 50, -29
-594, 25, -61
-770, 26, 173
-821, -13, 369
-821, -13, 369
-863, -72, 407
-1045, 16, 367
-1297, 65, 576
-1340, -14, 690
-1488, 10, 846
-1744, 110, 957
-1992, 427, 861
-1706, 144, 798
-1656, -57, 909
-1656, -57, 909
-1921, 62, 947
-1831, 90, 750
-,-,-
-232, -133, -361
-190, -144, 22
-329, -208, 183
-541, -105, 55
-464, 5, 238
-427, -35, 114
-409, -77, -332
-461, -58, -42
-678, -23, 203
-678, -23, 203
-849, 75, 21
-987, 134, 117
-1135, 100, 333
-1208, 52, 366
-1285, 68, 308
-1396, 88, 380
-1414, 88, 472
-1414, 88, 472
-1419, 93, 633
-1441, 70, 645
-1488, 64, 610
-1609, 79, 581
-1659, 62, 550
